ID	adj.P.Val	P.Value	logFC	AveExpr	t	B	GI	Gene.symbol	Gene.title
ILMN_1750153	ILMN_1750153	0.000287192142964768	2.34448329249995e-08	1.8272534654454	7.30148247316361	28.4058787540592	8.45999192012067	116642872	OR52A1	olfactory receptor family 52 subfamily A member 1
ILMN_2391071	ILMN_2391071	0.000287192142964768	2.46340688958487e-08	2.32598196004621	7.382648528814	28.1996597582616	8.43681778494369	221316597	CSH2	chorionic somatomammotropin hormone 2
ILMN_3251278	ILMN_3251278	0.000287192142964768	2.75563368801351e-08	3.64511322767449	7.97837787340043	27.7378898640601	8.38358214033321	756398243	DPPA3	developmental pluripotency associated 3
ILMN_2363475	ILMN_2363475	0.000318194791457492	4.9983597205846e-08	1.57847504341656	7.18581558196604	25.4069752302804	8.08358266279616	330688424	CSH1	chorionic somatomammotropin hormone 1
ILMN_1659601	ILMN_1659601	0.000318194791457492	6.49061393310261e-08	1.40666570021501	7.54874490389343	24.4460851181936	7.9427199560586	51944958	CCL26	C-C motif chemokine ligand 26
ILMN_1688722	ILMN_1688722	0.000318194791457492	8.78509205139146e-08	1.68584743548966	7.22326634524032	23.3772110758392	7.77240634989127	26787976	IL13RA2	interleukin 13 receptor subunit alpha 2
ILMN_1680507	ILMN_1680507	0.000318194791457492	8.89225614998619e-08	2.14267424700141	7.89653516059673	23.3353640446861	7.76542550114427	109255253	PPP2R2C	protein phosphatase 2 regulatory subunit Bgamma
ILMN_2412336	ILMN_2412336	0.000318194791457492	9.77196317752848e-08	1.89171426408929	7.55857726274798	23.0122619395666	7.71069226835042	359751395	AKR1C2	aldo-keto reductase family 1, member C2
ILMN_1687757	ILMN_1687757	0.000350615443636139	1.3456743183118e-07	1.78990373459858	7.62689648854361	21.9486087466188	7.51954163929224	325652082	AKR1C4	aldo-keto reductase family 1, member C4
ILMN_1673566	ILMN_1673566	0.00038525561751225	1.68437957031135e-07	1.55876448463351	7.9067130694422	21.2310839297484	7.38035704546533	735997385	ADAMTS1	ADAM metallopeptidase with thrombospondin type 1 motif 1
ILMN_3248551	ILMN_3248551	0.00038525561751225	1.79878095334009e-07	1.60239956591596	7.2313989398137	21.0254216193631	7.33883148966276	157278360	C2CD4B	C2 calcium dependent domain containing 4B
ILMN_1723443	ILMN_1723443	0.00038525561751225	1.86776012944646e-07	1.84054865874065	7.32774647988089	20.9085208574257	7.31489160491229	126012572	LRP2	LDL receptor related protein 2
ILMN_1808245	ILMN_1808245	0.00038525561751225	1.97149935399347e-07	1.56953417358948	7.45342946871189	20.7417051040027	7.28030009051397	209969799	SBSPON	somatomedin B and thrombospondin type 1 domain containing
ILMN_1729487	ILMN_1729487	0.000401804059933897	2.18469552193317e-07	1.39643357601036	7.31306937096964	20.4283768554839	7.21393152996049	156104879	GMPR	guanosine monophosphate reductase
ILMN_1753449	ILMN_1753449	0.000434980197308535	2.50420378415967e-07	2.21314525238625	7.33891055818972	20.0189820994356	7.1243785361267	19882250	CST1	cystatin SN
ILMN_1739683	ILMN_1739683	0.00053103280656265	3.22702722596122e-07	1.99100350095355	7.2694947738368	19.2793992636192	6.95400126965932	1013403383	LRRC6	leucine rich repeat containing 6
ILMN_1742074	ILMN_1742074	0.000555968397133106	3.55637687669102e-07	1.13168758169212	9.70459815560069	19.0030486100489	6.88734353412539	323510668	C8orf76	chromosome 8 open reading frame 76
ILMN_1753342	ILMN_1753342	0.00069945799417265	4.69795236922717e-07	1.76860208534118	11.5820859617966	18.232440110744	6.69226120149879	654823989	SAT1	spermidine/spermine N1-acetyltransferase 1
ILMN_1789641	ILMN_1789641	0.000729198574656211	5.24083208872011e-07	1.60491987870527	7.17679146711739	17.9380577660936	6.61397205463115	62526032	ABCG2	ATP binding cassette subfamily G member 2 (Junior blood group)
ILMN_1769316	ILMN_1769316	0.000729198574656211	5.59737919521175e-07	1.0798325254634	7.040511727745	17.763086503835	6.56640535005542	145580583	UMODL1	uromodulin like 1
ILMN_1680436	ILMN_1680436	0.000805630485537062	6.44174571049272e-07	1.35728015589565	7.2720810718522	17.3950554026041	6.46375454471911	1007355778	CSHL1	chorionic somatomammotropin hormone like 1
ILMN_1675656	ILMN_1675656	0.000859925593027292	7.27100685051491e-07	1.31210533696265	7.78618726625764	17.0837453960212	6.37407919492581	375151571	PPFIBP2	PPFIA binding protein 2
ILMN_1798006	ILMN_1798006	0.000859925593027292	7.425955034778e-07	1.39854978665869	8.66271963242873	17.0300859784577	6.35835101211761	526118248	ANKRD35	ankyrin repeat domain 35
ILMN_1748840	ILMN_1748840	0.00101683581090237	9.10618649819813e-07	1.42079964725443	7.75071385507168	16.5193022603912	6.20450114174908	297747272	CALB2	calbindin 2
ILMN_1658632	ILMN_1658632	0.00103115468127075	9.5642185622887e-07	0.920747866092273	7.12497025312285	16.3986171269215	6.16702741416083	187937174	NLRP7	NLR family pyrin domain containing 7
ILMN_1808956	ILMN_1808956	0.00104796140943726	1.01781461725549e-06	1.05063771203748	7.34836821367687	16.2468315574516	6.11926792447465	118442840	TMEM266	transmembrane protein 266
ILMN_2367010	ILMN_2367010	0.00104796140943726	1.03904572674966e-06	1.37014732169518	7.475392096266	16.1967607413559	6.10335739807292	189095280	ADGRG6	adhesion G protein-coupled receptor G6
ILMN_1796455	ILMN_1796455	0.00105922536489291	1.11484827186043e-06	0.979938706432452	7.07514425701738	16.0270854050566	6.04885820489683	673536525	RYR3	ryanodine receptor 3
ILMN_1697512	ILMN_1697512	0.00105922536489291	1.11796958489944e-06	1.06779417288682	7.39546513303303	16.0203835804826	6.04668694343921	40806213	SLC32A1	solute carrier family 32 member 1
ILMN_2172318	ILMN_2172318	0.00132615141037855	1.44211437193343e-06	1.61374111555554	7.20622141861143	15.4211687471904	5.84663687191745	356582319	FAM19A2	family with sequence similarity 19 member A2, C-C motif chemokine like
ILMN_1788538	ILMN_1788538	0.00132733436892648	1.48585373608479e-06	1.04618332840787	7.40078309523238	15.3522605139823	5.82286026424578	98985777	NCALD	neurocalcin delta
ILMN_1668039	ILMN_1668039	0.00134921976614427	1.55350577564107e-06	1.38353531160959	8.42453678860803	15.2501188840608	5.78731439933302	375268686	GYPC	glycophorin C (Gerbich blood group)
ILMN_1713124	ILMN_1713124	0.00158730587652759	1.87840841270137e-06	1.68346831518888	7.64902496015633	14.8216498192591	5.63417257982098	359806986	AKR1C3	aldo-keto reductase family 1, member C3
ILMN_1769876	ILMN_1769876	0.0016498335985999	2.01333290368181e-06	1.1723466502815	7.76195925490286	14.6680099439549	5.57762665562568	222352142	TBC1D2	TBC1 domain family member 2
ILMN_1745395	ILMN_1745395	0.0016498335985999	2.08647131998686e-06	0.903784086777526	6.9511538939197	14.5895642098306	5.54841361131209	392933921	CTCFL	CCCTC-binding factor like
ILMN_2237252	ILMN_2237252	0.0016498335985999	2.15973674369032e-06	0.774443720714655	7.25866242181129	14.5140694251357	5.52007848678932	208431837	LY6H	lymphocyte antigen 6 complex, locus H
ILMN_1769433	ILMN_1769433	0.0016498335985999	2.16347398268394e-06	0.875904857090056	8.14585613174109	14.5102971549506	5.51865693251089	550544222	IQGAP2	IQ motif containing GTPase activating protein 2
ILMN_1674250	ILMN_1674250	0.00182733044047898	2.51311996867512e-06	1.00740293445043	6.99859706927195	14.1869219747153	5.39473443795712	153792638	NCKAP1L	NCK associated protein 1 like
ILMN_1791702	ILMN_1791702	0.00201161529199621	2.83090490781787e-06	0.937727652380692	7.75838040347112	13.9347527127733	5.29520033231944	574957238	SMARCA2	SWI/SNF related, matrix associated, actin dependent regulator of chromatin, subfamily a, member 2
ILMN_2081883	ILMN_2081883	0.00233462244128352	3.36013592585424e-06	-0.755554848510379	7.96126297191537	-13.5791771209857	5.15035596485574	760998373	IQCK	IQ motif containing K
ILMN_1668850	ILMN_1668850	0.00235911045520056	3.48426755588479e-06	1.08272733263292	7.44353231160463	13.5050128100212	5.11946203140843	299523249	PCSK9	proprotein convertase subtilisin/kexin type 9
ILMN_1724422	ILMN_1724422	0.00235911045520056	3.54628642597155e-06	0.826194936219892	6.88494464944639	13.4690800344279	5.10440732269246	262206314	SELL	selectin L
ILMN_1803423	ILMN_1803423	0.00244674919712602	3.75628354960816e-06	1.88522957845474	8.12873812186223	13.3525340524974	5.05518558688638	47078220	ARHGEF6	Rac/Cdc42 guanine nucleotide exchange factor 6
ILMN_1690179	ILMN_1690179	0.00262987698802138	4.12153689032967e-06	1.04326851986347	7.42836827414284	13.1665258801359	4.97536508971142	685504979	CRYM	crystallin mu
ILMN_1821280	ILMN_1821280	0.00263550074092969	4.21464328812399e-06	-0.745213751283544	7.88669048997749	-13.1221106680415	4.95607233938003	21749378	GDF11	growth differentiation factor 11
ILMN_1672605	ILMN_1672605	0.00274322407408051	4.4746506677575e-06	0.695574673418671	7.95033985715949	13.0037749765025	4.90422492259998	116008439	MTURN	maturin, neural progenitor differentiation regulator homolog (Xenopus)
ILMN_1673637	ILMN_1673637	0.002839526334618	4.72255387322126e-06	0.886831138350605	7.40200312962217	12.8980364612542	4.85734189694962	225579057	SLC10A4	solute carrier family 10 member 4
ILMN_1664024	ILMN_1664024	0.00286830414368025	4.86215440462654e-06	0.88443417763906	6.92329786568699	12.8412429231784	4.83194145752145	105990531	APOB	apolipoprotein B
ILMN_1660973	ILMN_1660973	0.00306358393102509	5.29116395686544e-06	1.06304656266213	7.39324550425209	12.677710477159	4.75793552565682	58331244	GAD1	glutamate decarboxylase 1
ILMN_1796179	ILMN_1796179	0.00332678666315159	6.04089223192824e-06	2.0743297629844	9.84177248608167	12.4253103667584	4.6411302860695	301601626	HIST1H2BK	histone cluster 1, H2bk
ILMN_2078599	ILMN_2078599	0.00332678666315159	6.08471717546728e-06	0.816683322064692	7.34251673443147	12.4116768406418	4.6347299897217	1015181841	ACP5	acid phosphatase 5, tartrate resistant
ILMN_1769575	ILMN_1769575	0.00332678666315159	6.12884786669326e-06	0.937612646157087	9.78993180120171	12.3980608954676	4.62832851746295	328927054	JAM3	junctional adhesion molecule 3
ILMN_2133996	ILMN_2133996	0.00332678666315159	6.17135631237741e-06	0.780520158105181	7.04901553132672	12.3850507826458	4.62220305436823	294979179	SHE	Src homology 2 domain containing E
ILMN_2139125	ILMN_2139125	0.00336268642120528	6.35760325545363e-06	1.87149301340993	8.01158310110347	12.3292287720183	4.59582255023934	194733750	LRFN5	leucine rich repeat and fibronectin type III domain containing 5
ILMN_2380243	ILMN_2380243	0.00336268642120528	6.56016108374412e-06	0.802461347966164	7.60065962143662	12.2705968442273	4.56794159569491	76496484	SMAGP	small cell adhesion glycoprotein
ILMN_1792978	ILMN_1792978	0.00336268642120528	6.67461886534397e-06	0.93612961487598	7.15073206804822	12.2383718247923	4.55254199918499	169791020	HAS2	hyaluronan synthase 2
ILMN_1794534	ILMN_1794534	0.00336268642120528	6.77570666333822e-06	1.22144760336553	7.11778692280087	12.2104307616112	4.5391458492866	226528771	CCDC81	coiled-coil domain containing 81
ILMN_1656287	ILMN_1656287	0.0036772930904378	7.76722978169212e-06	2.39784493143432	8.31162615057133	11.9592508196965	4.41686769501317	197313712	SPOCK2	sparc/osteonectin, cwcv and kazal-like domains proteoglycan (testican) 2
ILMN_2203748	ILMN_2203748	0.0036772930904378	7.86523036736208e-06	0.959890463427545	6.94925076342016	11.9364303767358	4.40559086797245	63025197	VENTXP7	VENT homeobox pseudogene 7
ILMN_2224918	ILMN_2224918	0.0036772930904378	7.88008178402523e-06	0.664502506577247	6.89343164422007	11.9330003684753	4.40389347016739	384875917	CCDC129	coiled-coil domain containing 129
ILMN_1653828	ILMN_1653828	0.00377191676211588	8.20349068713233e-06	1.22024449632202	9.97304083737808	11.8600836536775	4.36765761627445	239048906	CHFR	checkpoint with forkhead and ring finger domains, E3 ubiquitin protein ligase
ILMN_1652237	ILMN_1652237	0.00386492033315185	8.52937705454735e-06	1.97527334678891	8.05369499695358	11.789850206133	4.33247918798441	62240998	CBR3	carbonyl reductase 3
ILMN_2328874	ILMN_2328874	0.00448058994544769	1.02190985874823e-05	1.18152152904798	7.02418655461043	11.4689530803788	4.16822594583846	636576919	GH1	growth hormone 1
ILMN_1716728	ILMN_1716728	0.00448058994544769	1.03179964201444e-05	0.600325395080041	7.73646137256885	11.4520795972716	4.15942604204716	755571529	SAYSD1	SAYSVFN motif domain containing 1
ILMN_1732296	ILMN_1732296	0.00471343628544452	1.10126845133914e-05	-0.933868769357979	10.0697158180712	-11.338518595229	4.09976826229383	345199309	ID3	inhibitor of DNA binding 3, HLH protein
ILMN_1734893	ILMN_1734893	0.00471343628544452	1.11557054027664e-05	0.911669225923871	7.06700358808743	11.3161521127379	4.08792876499532	340745350	NTRK3	neurotrophic receptor tyrosine kinase 3
ILMN_1662932	ILMN_1662932	0.0047313844181892	1.13774676877073e-05	1.97578218736307	8.18922975094568	11.2821097314774	4.06985170108213	195546923	LCP1	lymphocyte cytosolic protein 1
ILMN_1728799	ILMN_1728799	0.0047313844181892	1.15008384757366e-05	0.971390007613709	7.93309211613438	11.2634969363966	4.05993878668216	160298191	FBP1	fructose-bisphosphatase 1
ILMN_1800468	ILMN_1800468	0.00481056448922678	1.18471651528965e-05	1.14755834003764	8.26246531307469	11.2124389091079	4.03263942406566	972775890	KLKB1	kallikrein B1
ILMN_2261416	ILMN_2261416	0.00537913162122997	1.35914858976898e-05	0.784036177072274	6.92744451999132	10.9787861981281	3.90568892290099	98985799	CD3D	CD3d molecule
ILMN_2337655	ILMN_2337655	0.00542350517397123	1.38770681864549e-05	0.760261270579022	10.5793983630945	10.9438006954775	3.8863900045779	47419913	WARS	tryptophanyl-tRNA synthetase
ILMN_1684461	ILMN_1684461	0.00558968616191024	1.49433506654912e-05	-0.806494155588394	8.04393111913587	-10.8200662338383	3.81751657132035	269308216	CADPS2	calcium dependent secretion activator 2
ILMN_1675038	ILMN_1675038	0.00558968616191024	1.500749391686e-05	0.691349852504924	8.53847831479998	10.8129458782117	3.81352364584843	557878713	PRMT2	protein arginine methyltransferase 2
ILMN_2313782	ILMN_2313782	0.00558968616191024	1.50173875008143e-05	0.97306456470644	7.4131191498963	10.8118507054368	3.81290921166523	1007892877	ATG4A	autophagy related 4A cysteine peptidase
ILMN_1786720	ILMN_1786720	0.0057910541086099	1.57436064489171e-05	0.825909353154872	11.4817509132481	10.7336307929661	3.76882577928291	224994187	PROM1	prominin 1
ILMN_1715458	ILMN_1715458	0.00728175316982609	2.03027067915268e-05	0.866518935460459	7.49115994536094	10.321079359505	3.5296614231536	748983479	PCDH10	protocadherin 10
ILMN_2396875	ILMN_2396875	0.0072922717610211	2.0833071938367e-05	0.906898554322077	7.795631464374	10.2800512120166	3.50524822561283	62243247	IGFBP3	insulin like growth factor binding protein 3
ILMN_1725485	ILMN_1725485	0.00757401397129767	2.20442420324982e-05	0.930148151401271	9.05853694817683	10.1906522185618	3.45164810924442	56790938	RGS17	regulator of G-protein signaling 17
ILMN_1722905	ILMN_1722905	0.00763947001696563	2.24790904356438e-05	0.736337356112154	9.79419815524365	10.1599105621105	3.43308743062573	1013369510	MRPS11	mitochondrial ribosomal protein S11
ILMN_2203299	ILMN_2203299	0.00798465451023907	2.37501717345434e-05	0.503836858493734	6.87076337160779	10.0737910551981	3.38073590868454	167001418	GRIA1	glutamate ionotropic receptor AMPA type subunit 1
ILMN_1721605	ILMN_1721605	0.00811461803455653	2.4396280152508e-05	0.879332070739463	7.70534201601478	10.0320025594931	3.35514247147509	188035870	SMYD2	SET and MYND domain containing 2
ILMN_1710219	ILMN_1710219	0.008684351153731	2.63869174056305e-05	0.584512190067235	6.9904041307286	9.9107631538604	3.28017585990214	260064022	CALCR	calcitonin receptor
ILMN_2065773	ILMN_2065773	0.00934068345075449	2.86798954542452e-05	0.924952986934141	9.01061084159657	9.78338698450076	3.20025466346908	1044873365	SCG5	secretogranin V
ILMN_3240524	ILMN_3240524	0.00935482765857472	2.94016131701457e-05	0.747144744425981	7.25302941824298	9.74567705457502	3.17636244486983	144953906	MFSD6	major facilitator superfamily domain containing 6
ILMN_1762410	ILMN_1762410	0.00935482765857472	2.94290890936501e-05	0.541219994793877	6.99665641434843	9.74426228811408	3.17546400331479	302148517	SLC22A2	solute carrier family 22 member 2
ILMN_1790689	ILMN_1790689	0.00935482765857472	2.96209281071739e-05	0.949848770029997	7.62563603731566	9.73442594099384	3.16921331225969	215422418	CRISPLD2	cysteine rich secretory protein LCCL domain containing 2
ILMN_1786429	ILMN_1786429	0.0103321944096098	3.30461025062682e-05	0.74934078213866	7.43554365443896	9.57008313362392	3.06369283526968	241982698	LPAR6	lysophosphatidic acid receptor 6
ILMN_1735930	ILMN_1735930	0.0107735046528024	3.48021483379085e-05	0.688054024533358	7.57577013736454	9.49317369455893	3.01359816656426	1016470339	KLF2	Kruppel like factor 2
ILMN_1664878	ILMN_1664878	0.0110690056272619	3.61107456656021e-05	0.825082284708551	7.02876984638875	9.43867501672179	2.97782120216125	291463276	NLRP2	NLR family pyrin domain containing 2
ILMN_2382309	ILMN_2382309	0.0111969407871964	3.68862310842841e-05	1.41761336149502	7.81773591813056	9.40742733177736	2.95720246506863	315360638	TCL1B	T-cell leukemia/lymphoma 1B
ILMN_1779997	ILMN_1779997	0.0112555312290027	3.75790770312968e-05	0.821848413142772	7.30792852512861	9.38013454049182	2.93913010874581	385137118	MEIS3	Meis homeobox 3
ILMN_1733860	ILMN_1733860	0.0112555312290027	3.82941985285686e-05	0.554048075624278	6.95540800045121	9.35255747468488	2.92080934378146	194018516	SYNPR	synaptoporin
ILMN_1801766	ILMN_1801766	0.0112555312290027	3.84797159425673e-05	0.62512005726488	9.17983585679791	9.34549892817646	2.91611026002723	194018569	MCUB	mitochondrial calcium uniporter dominant negative beta subunit
ILMN_1709474	ILMN_1709474	0.0112555312290027	3.87809424651518e-05	-0.492588991222157	7.66669570935419	-9.33411985504011	2.90852648327634	110349785	ALMS1	ALMS1, centrosome and basal body associated protein
ILMN_1744534	ILMN_1744534	0.0112555312290027	3.88792097720301e-05	1.12263147087263	8.12588698067561	9.33042943778594	2.90606471535416	115430226	LYRM5	LYR motif containing 5
ILMN_1806754	ILMN_1806754	0.0115105638734603	4.02038456864207e-05	1.07809106114921	10.3376665549147	9.28169306238487	2.87345148158313	108773800	GLDC	glycine decarboxylase
ILMN_2201580	ILMN_2201580	0.0115105638734603	4.16559322498714e-05	0.690690980330078	9.86368936727575	9.23032079128178	2.83886664267158	215276998	GSTM2	glutathione S-transferase mu 2 (muscle)
ILMN_1796094	ILMN_1796094	0.0115105638734603	4.17783592895191e-05	0.98592812531443	8.05506786923919	9.22608280592645	2.83600397469177	188536061	CD36	CD36 molecule
ILMN_1712523	ILMN_1712523	0.0115105638734603	4.18905288774694e-05	0.644491599031396	7.04519098178635	9.22221226231077	2.83338822708468	48375166	MAP6	microtubule associated protein 6
ILMN_2151281	ILMN_2151281	0.0115105638734603	4.22007877644696e-05	0.674346770276342	9.94113802734961	9.21156743380814	2.82618805663513	56676368	GABARAPL1	GABA type A receptor associated protein like 1
ILMN_1660063	ILMN_1660063	0.0115105638734603	4.29894947697293e-05	0.624736984593882	10.2559904522751	9.1849026844609	2.80811134003619	38455393	POLE4	DNA polymerase epsilon 4, accessory subunit
ILMN_1779934	ILMN_1779934	0.0115105638734603	4.31548736464479e-05	0.546104100819791	7.10970828520431	9.17938199421616	2.80436144438785	284925126	CDH23	cadherin-related 23
ILMN_1659047	ILMN_1659047	0.0115105638734603	4.31900104271511e-05	0.527099544920858	7.20912840902042	9.17821215063256	2.80356651400264	21328454	HIST2H2AA3	histone cluster 2, H2aa3
ILMN_1656373	ILMN_1656373	0.0115105638734603	4.36499722807261e-05	-0.663863803984965	7.52054137679447	-9.16299714492101	2.79321739442277	94721326	BNC2	basonuclin 2
ILMN_2145670	ILMN_2145670	0.0115105638734603	4.38097966142705e-05	1.17427091349717	8.27535440132191	9.157752926571	2.78964590824155	340745336	TNC	tenascin C
ILMN_1750722	ILMN_1750722	0.011649289438803	4.49937999204562e-05	-0.555700288847007	10.679579381262	-9.1195672920988	2.76357180989164	71164880	RPS7	ribosomal protein S7
ILMN_2079508	ILMN_2079508	0.011649289438803	4.50829662283362e-05	0.486501320644488	6.87898174512055	9.11673788528216	2.76163502140104	215820655	ZNF204P	zinc finger protein 204, pseudogene
ILMN_1738589	ILMN_1738589	0.0116957718928551	4.56369273628964e-05	0.498874247002479	6.97540810585969	9.09930090605395	2.74968438239597	375268699	MGLL	monoglyceride lipase
ILMN_1694589	ILMN_1694589	0.0117196011397696	4.64908038150109e-05	0.848464266368258	7.84046440657198	9.07288896245258	2.73153448282857	164607179	PAQR8	progestin and adipoQ receptor family member 8
ILMN_2157099	ILMN_2157099	0.0117196011397696	4.67550246136145e-05	1.12392558614379	7.67453950997571	9.06482758869112	2.72598323641597	161377466	CCNA1	cyclin A1
ILMN_2072391	ILMN_2072391	0.0117196011397696	4.70593349438658e-05	-0.455283844114793	8.12079770605103	-9.05560694320323	2.7196270284781	74315926	SNORD31	small nucleolar RNA, C/D box 31
ILMN_1753502	ILMN_1753502	0.0117196011397696	4.72292504193364e-05	0.58508071712353	7.25101905641644	9.05048789055019	2.71609516216156	62865875	IGSF11	immunoglobulin superfamily member 11
ILMN_2200503	ILMN_2200503	0.0119027359513212	4.83479647482182e-05	0.656918119665214	8.5243366917482	9.01729805994063	2.69314265328799	194578874	NIT2	nitrilase family member 2
ILMN_2096719	ILMN_2096719	0.0126788337134733	5.1905927055734e-05	0.928622710727323	7.75207558269345	8.91726867773829	2.62340391477174	51896033	GRK5	G protein-coupled receptor kinase 5
ILMN_1795166	ILMN_1795166	0.012727203771859	5.33055158372634e-05	1.44545031261838	7.46599851044838	8.8800347599271	2.59722712016419	39995096	PTH1R	parathyroid hormone 1 receptor
ILMN_1794190	ILMN_1794190	0.012727203771859	5.33373062036248e-05	0.720415521803727	7.21713130576348	8.87920195988759	2.59664026962158	325053638	CCPG1	cell cycle progression 1
ILMN_2056606	ILMN_2056606	0.012727203771859	5.36874177835361e-05	1.06883098483895	7.97289656004561	8.87006732423766	2.59019942995265	155030237	PPP1R1A	protein phosphatase 1 regulatory inhibitor subunit 1A
ILMN_2413158	ILMN_2413158	0.0127859133477811	5.43890000401359e-05	-1.01435050604638	12.0769222868369	-8.85196442377289	2.57741379122922	144094253	PODXL	podocalyxin like
ILMN_1783709	ILMN_1783709	0.0129069012950932	5.53164707203508e-05	0.526644522738151	10.5728865372483	8.82843562079652	2.56075360496001	57863286	RRAGA	Ras related GTP binding A
ILMN_1659354	ILMN_1659354	0.0131307600922848	5.739219857899e-05	0.577161898600261	6.95224279549627	8.77736108800866	2.52442333153712	385275080	GH2	growth hormone 2
ILMN_1716803	ILMN_1716803	0.0131307600922848	5.74876272215217e-05	0.672954397244832	7.03276161967633	8.7750636243335	2.52278375110547	154240739	RALYL	RALY RNA binding protein-like
ILMN_1812327	ILMN_1812327	0.0131307600922848	5.75357939180904e-05	0.961669311970945	7.12641517521087	8.77390564454517	2.52195718597206	525459424	RNF19A	ring finger protein 19A, RBR E3 ubiquitin protein ligase
ILMN_2130525	ILMN_2130525	0.0133034492939533	5.87179684822348e-05	0.433260905608561	7.22071562293176	8.74582481996628	2.50187711632804	62422581	TSPAN13	tetraspanin 13
ILMN_2404063	ILMN_2404063	0.013699287966483	6.11690232632245e-05	0.707044442378509	11.1564059049291	8.68959461140095	2.46145914616797	228008405	APP	amyloid beta precursor protein
ILMN_1719498	ILMN_1719498	0.013699287966483	6.13847981493427e-05	0.474615879134642	7.38696693721453	8.684767329168	2.45797627812597	218777836	EPHX4	epoxide hydrolase 4
ILMN_2344298	ILMN_2344298	0.013699287966483	6.17795561720111e-05	-0.560997111575404	7.46113683992325	-8.67598549572345	2.45163490578116	100913195	STEAP2	STEAP2 metalloreductase
ILMN_2239754	ILMN_2239754	0.0138213856836234	6.27722371609585e-05	0.483166094400963	7.13835967236252	8.654180635891	2.43585990887193	576795860	IFIT3	interferon induced protein with tetratricopeptide repeats 3
ILMN_1697268	ILMN_1697268	0.0139524616729211	6.38137919538064e-05	1.13025291828395	8.32220959065948	8.63171888144499	2.41956529632459	60498977	EMILIN2	elastin microfibril interfacer 2
ILMN_1700547	ILMN_1700547	0.0140735019449519	6.48297722657559e-05	0.771089444581275	7.93060338580928	8.61020585292766	2.40391655407023	372622387	CHST9	carbohydrate sulfotransferase 9
ILMN_1805175	ILMN_1805175	0.0140735019449519	6.52676319969946e-05	0.475071748055726	7.16682555682213	8.60105196987436	2.3972453401333	345842400	TGFA	transforming growth factor alpha
ILMN_1741727	ILMN_1741727	0.0143159285621292	6.77098503943479e-05	2.2982068310299	8.93424063726161	8.55124108527626	2.36081141222043	68216098	QPCT	glutaminyl-peptide cyclotransferase
ILMN_1758164	ILMN_1758164	0.0143159285621292	6.7765541712887e-05	0.815570007699867	8.59039778496157	8.55012909787706	2.35999549177576	61676083	STC1	stanniocalcin 1
ILMN_1732923	ILMN_1732923	0.0144308005540884	6.87708463685526e-05	0.980269254517793	8.57671038033995	8.5302326055	2.34537745677014	927928776	SIPA1L2	signal induced proliferation associated 1 like 2
ILMN_1815320	ILMN_1815320	0.0148504670660563	7.2195707607003e-05	0.491394310088742	6.82116347495446	8.46484631376936	2.29708336880518	169881245	NR5A1	nuclear receptor subfamily 5 group A member 1
ILMN_2340259	ILMN_2340259	0.0151673886528533	7.4221533419259e-05	-0.664395929849164	7.62120591617675	-8.4278046788599	2.26955023502063	82799480	PDE4B	phosphodiesterase 4B
ILMN_1726913	ILMN_1726913	0.0153726367992945	7.57175867425111e-05	0.445033288114972	7.97149624209976	8.40117823803476	2.24968031186417	350606365	RBPJ	recombination signal binding protein for immunoglobulin kappa J region
ILMN_2306955	ILMN_2306955	0.015474137887086	7.67848831804677e-05	0.716873436277613	8.21023049440602	8.38254473723801	2.23573591333387	544186075	PXYLP1	2-phosphoxylose phosphatase 1
ILMN_1682273	ILMN_1682273	0.015474137887086	7.72073661608587e-05	0.973672563656282	7.17451662543375	8.37524975576508	2.23026789243863	122937449	SHISA3	shisa family member 3
ILMN_1671295	ILMN_1671295	0.0159465559458422	8.00744989284597e-05	0.775560869263776	7.44331119914063	8.32690919625524	2.19390794516894	157676326	CCDC3	coiled-coil domain containing 3
ILMN_1703487	ILMN_1703487	0.0161881594473603	8.18054497755683e-05	0.871322706495532	9.95226377778539	8.29866542508352	2.17256238200701	197382802	LMO4	LIM domain only 4
ILMN_2179717	ILMN_2179717	0.0165793052125025	8.4842603275136e-05	1.44027511911946	8.41343447654555	8.25070848875295	2.13614544696683	189027134	FAM189A2	family with sequence similarity 189 member A2
ILMN_1738103	ILMN_1738103	0.0166666787416904	8.62521995189465e-05	0.437373876732186	10.24153413592	8.22910768761374	2.11967103073228	40805824	COPE	coatomer protein complex subunit epsilon
ILMN_1772521	ILMN_1772521	0.0166666787416904	8.6355848402541e-05	-0.651180040826594	9.13662580492698	-8.22753517741855	2.11846997460077	337756494	MTHFD1L	methylenetetrahydrofolate dehydrogenase (NADP+ dependent) 1-like
ILMN_2049766	ILMN_2049766	0.016698051349817	8.70524649785765e-05	0.930618479945604	9.68703243425059	8.21702164713964	2.11043384300846	225735556	NFE2L3	nuclear factor, erythroid 2 like 3
ILMN_1791232	ILMN_1791232	0.0167435898580552	9.00832365870554e-05	1.17838354958225	8.03785075602615	8.17236473220927	2.07618161768304	189571668	SPRED2	sprouty related EVH1 domain containing 2
ILMN_1673282	ILMN_1673282	0.0167435898580552	9.0197072219965e-05	0.645400487631325	8.32385123746707	8.17072073201762	2.07491699197242	169790830	LAMP2	lysosomal associated membrane protein 2
ILMN_2218935	ILMN_2218935	0.0167435898580552	9.05029964181966e-05	0.864028827432865	8.26756575239484	8.16631423666156	2.07152606603172	408968120	GPR37	G protein-coupled receptor 37
ILMN_1781943	ILMN_1781943	0.017038097814844	9.26398205246427e-05	-0.601020213501377	9.11879202023504	-8.13599883511778	2.04814658001427	116235447	FAM83D	family with sequence similarity 83 member D
ILMN_1768110	ILMN_1768110	0.0172721084611479	9.55707030556476e-05	0.72242029993216	8.60146995037685	8.0956826250586	2.01691611340509	82880649	ZAK	sterile alpha motif and leucine zipper containing kinase AZK
ILMN_1792389	ILMN_1792389	0.0172721084611479	9.73731806859793e-05	0.693231438122854	7.4930404337156	8.07157790354773	1.99816788893952	57165360	RNF165	ring finger protein 165
ILMN_1652246	ILMN_1652246	0.0172721084611479	9.76089495489855e-05	0.60416621064083	8.5912636781075	8.0684623646413	1.99574052366322	226437578	NACAD	NAC alpha domain containing
ILMN_1667578	ILMN_1667578	0.0172721084611479	9.79936343293671e-05	0.970472273980916	7.41532000880544	8.06339725324291	1.99179218245095	760998150	DUSP26	dual specificity phosphatase 26 (putative)
ILMN_1668521	ILMN_1668521	0.0172721084611479	9.88694059612556e-05	0.676141651457836	6.85311977153295	8.05194957627984	1.98285923553489	239916000	LIM2	lens intrinsic membrane protein 2
ILMN_2081087	ILMN_2081087	0.0172721084611479	9.92819897534505e-05	0.649954121351342	7.17309368292646	8.04659621415521	1.97867743157619	119874212	HSPA12A	heat shock protein family A (Hsp70) member 12A
ILMN_2069632	ILMN_2069632	0.0172721084611479	9.9308994175266e-05	0.467226561246695	7.06494509858536	8.04624670516598	1.97840431286328	194306536	GTSF1	gametocyte specific factor 1
ILMN_1678300	ILMN_1678300	0.0172721084611479	9.94364332823715e-05	-0.69701080914732	10.338084423772	-8.04459875607683	1.97711638491701	223890248	LOC146880	Rho GTPase activating protein 27 pseudogene
ILMN_2174341	ILMN_2174341	0.0173924040462296	0.000100685253386028	0.623728102357669	6.91615146977771	8.02857543119808	1.96457965588406	223633970	GPR83	G protein-coupled receptor 83
ILMN_1668863	ILMN_1668863	0.0179951903628618	0.000105332550332847	0.829487440390688	7.86240875297429	7.97086544870846	1.91921644953975	1007386552	LYPD1	LY6/PLAUR domain containing 1
ILMN_1685916	ILMN_1685916	0.0179951903628618	0.000105509872616161	-0.442151061887735	9.253333987293	-7.96872088887674	1.9175243279743	166795249	KIF2C	kinesin family member 2C
ILMN_2064860	ILMN_2064860	0.0179951903628618	0.000105901459309364	0.66517948671448	7.13886017705108	7.9639994123165	1.91379732542149	194688137	LGALS7B	galectin 7B
ILMN_1766657	ILMN_1766657	0.0180691445708121	0.000106914595586267	1.26632538063349	8.44257543387809	7.95187491439683	1.904216385109	396578174	STOM	stomatin
ILMN_1776157	ILMN_1776157	0.0183794351103026	0.000109338416507269	-0.533396019474044	7.42208502652476	-7.923388702921	1.88164829623264	542133092	SEPT4	septin 4
ILMN_2400407	ILMN_2400407	0.0184084609403509	0.00011009985913918	0.660113528466558	7.36441694680358	7.91458713222938	1.87465881534274	366039946	CNTN1	contactin 1
ILMN_1657435	ILMN_1657435	0.0188573779277432	0.000113799424346155	0.691249686248655	7.361140652971	7.87278272403731	1.8413545731039	121582464	MT1M	metallothionein 1M
ILMN_1904578	ILMN_1904578	0.0188573779277432	0.000113991058285149	0.790769357877194	7.13450586100885	7.87065936544542	1.83965824597368	34191290	TENM1	teneurin transmembrane protein 1
ILMN_1711650	ILMN_1711650	0.0190531266308345	0.000116663191979787	0.720273019130813	7.80736956835739	7.84146566595452	1.81628933158751	27436975	KCNE5	potassium voltage-gated channel subfamily E regulatory subunit 5
ILMN_1728047	ILMN_1728047	0.0190531266308345	0.000116917808873389	-0.636924548833314	10.924672283304	-7.83872349177214	1.81408982888348	320202989	AKR1A1	aldo-keto reductase family 1 member A1
ILMN_1657547	ILMN_1657547	0.0190531266308345	0.000118130615702642	-0.564243858711537	10.3185347974978	-7.8257539479134	1.80367654914348	63054847	CCDC34	coiled-coil domain containing 34
ILMN_1810191	ILMN_1810191	0.0190531266308345	0.000118193500063272	-0.69819321595857	7.63286171104642	-7.82508558886638	1.80313945697731	226693353	PLA2G4C	phospholipase A2 group IVC
ILMN_1660317	ILMN_1660317	0.0190531266308345	0.000118261589378236	2.87178310118028	8.09419601995131	7.82436236335214	1.80255822283217	325652112	LEFTY1	left-right determination factor 1
ILMN_1776723	ILMN_1776723	0.0190531266308345	0.000119470426297872	0.473931706682581	8.81258313496946	7.81160035403828	1.79229299474001	1002623474	PHF11	PHD finger protein 11
ILMN_1778401	ILMN_1778401	0.0190531266308345	0.000119662760019046	0.766512170178386	8.8423169701646	7.8095833203297	1.79066905259526	977380217	HLA-B	major histocompatibility complex, class I, B
ILMN_1760849	ILMN_1760849	0.0190531266308345	0.000120049444964959	1.79353748427489	9.03399899032926	7.80553917871985	1.78741180269991	319996650	NETO2	neuropilin and tolloid like 2
ILMN_2227573	ILMN_2227573	0.0194582234747589	0.000123516586861713	1.06269391377526	11.062336837914	7.76992402250074	1.75865402507555	300360529	GSTO1	glutathione S-transferase omega 1
ILMN_2391861	ILMN_2391861	0.0194582234747589	0.000123846557649748	0.602362739521778	10.094205450715	7.76659360268745	1.75595817772337	215276995	GSTM1	glutathione S-transferase mu 1
ILMN_1784946	ILMN_1784946	0.0194859202825105	0.000124646071019705	-0.383192987344813	9.0810557619648	-7.75856553051193	1.74945505941891	308737000	ORC3	origin recognition complex subunit 3
ILMN_1728663	ILMN_1728663	0.0198379290197944	0.000127532262936694	0.440190011161484	7.38478186604623	7.73006226805974	1.72631226883525	974141077	IL17RD	interleukin 17 receptor D
ILMN_1652989	ILMN_1652989	0.0200378501765224	0.000129458380850046	-0.407670578941001	9.59521240502023	-7.71144363153456	1.71114968362736	971825874	NUP160	nucleoporin 160
ILMN_1745152	ILMN_1745152	0.0202407337607747	0.000131416521251112	-0.528217895926916	9.26772548249394	-7.69283407928249	1.69595846521035	296923772	UQCC1	ubiquinol-cytochrome c reductase complex assembly factor 1
ILMN_1710523	ILMN_1710523	0.02042328412104	0.000133254972196385	0.399298098393716	6.89641834952805	7.67564542221795	1.68189504531333	291621711	ATP8B1	ATPase phospholipid transporting 8B1
ILMN_1682799	ILMN_1682799	0.0205999182260912	0.000135066309612637	0.652142231014271	7.85360125039242	7.65897071037372	1.66822258710072	375298740	STAMBPL1	STAM binding protein like 1
ILMN_2151114	ILMN_2151114	0.0206414276048736	0.000136297371308355	0.626008135155075	7.95544469879854	7.64778164227447	1.65903174272722	63252921	VSNL1	visinin like 1
ILMN_1783185	ILMN_1783185	0.0206414276048736	0.000136658847124955	-1.95821641059663	9.77643373841309	-7.6445179086764	1.65634839223148	751130481	SOX21	SRY-box 21
ILMN_2383435	ILMN_2383435	0.0212843179102487	0.000141595922898091	0.860276306208164	9.5017269962904	7.60089514249286	1.62037519693378	325652103	PSMD10	proteasome 26S subunit, non-ATPase 10
ILMN_1751887	ILMN_1751887	0.0214865891558627	0.000144750061943301	-0.448701961691777	8.65501546754673	-7.57391728117254	1.59802733238062	300116277	PREP	prolyl endopeptidase
ILMN_2349393	ILMN_2349393	0.0214865891558627	0.00014481170456833	0.681873919264479	11.4068244444473	7.57339668599264	1.59759532251418	396080282	MDK	midkine (neurite growth-promoting factor 2)
ILMN_1663080	ILMN_1663080	0.0214865891558627	0.000149107862887155	-0.77982955838149	8.38684804486799	-7.53771884044839	1.56791964862008	93140998	LFNG	LFNG O-fucosylpeptide 3-beta-N-acetylglucosaminyltransferase
ILMN_1719998	ILMN_1719998	0.0214865891558627	0.000149157990984932	0.462800002404379	9.18686299913617	7.53730943689397	1.56757833108941	187936957	UAP1L1	UDP-N-acetylglucosamine pyrophosphorylase 1 like 1
ILMN_1670870	ILMN_1670870	0.0214865891558627	0.000149754563116139	-1.19906366847133	8.31902697203017	-7.53244905751299	1.56352488828585	343168768	ALCAM	activated leukocyte cell adhesion molecule
ILMN_1655595	ILMN_1655595	0.0214865891558627	0.000149962707961262	1.68050938477099	11.7023574038373	7.53075841547722	1.5621143393762	211904150	SERPINE2	serpin family E member 2
ILMN_1772312	ILMN_1772312	0.0214865891558627	0.000150193161416926	0.698517269775135	6.99572591258748	7.52888966646232	1.56055483465771	153218469	BARX1	BARX homeobox 1
ILMN_2049727	ILMN_2049727	0.0214865891558627	0.000150542391770903	-0.380201576370112	9.47800932535478	-7.52606392668246	1.55819599311905	335335011	OSER1	oxidative stress responsive serine rich 1
ILMN_1676504	ILMN_1676504	0.0214865891558627	0.000151090555652099	-0.730028485098888	7.73532486248687	-7.52164346698762	1.55450421078381	392871548	RPRML	reprimo like
ILMN_1711988	ILMN_1711988	0.0214865891558627	0.000151188179309467	0.935955044223695	9.38804660519142	7.52085812094049	1.55384810347313	11545760	KCNK12	potassium two pore domain channel subfamily K member 12
ILMN_1695157	ILMN_1695157	0.0214925996519797	0.000152295352168822	2.09465365059699	8.22877047860719	7.51199125886532	1.54643580337383	1040975001	CA4	carbonic anhydrase 4
ILMN_1688480	ILMN_1688480	0.0214925996519797	0.000152605294017127	-0.852170545136675	9.58966900408463	-7.50952212602359	1.54437021545955	77628152	CCND1	cyclin D1
ILMN_1682727	ILMN_1682727	0.0218350868964337	0.000155735443545855	0.884986450062509	7.68312185008565	7.48489936473915	1.52373579955373	91822910	JAZF1	JAZF zinc finger 1
ILMN_1767470	ILMN_1767470	0.022746075067707	0.000162960430344988	0.698215139934096	8.92465194276224	7.43013996887694	1.47761125668187	157785546	SCPEP1	serine carboxypeptidase 1
ILMN_2392189	ILMN_2392189	0.0227712716300399	0.000164403538882953	1.13295551313221	9.79542341467604	7.41953139435007	1.46863785096752	56549680	CTDSPL	CTD small phosphatase like
ILMN_1680955	ILMN_1680955	0.0227712716300399	0.000165433563486077	-0.597008752045058	10.4587560773367	-7.41202366632512	1.4622799209672	1020158963	AURKA	aurora kinase A
ILMN_3234892	ILMN_3234892	0.0227712716300399	0.000166054178073597	0.664995698422946	7.07716093949514	7.40752554824835	1.45846773480155	156523243	MARCH11	membrane associated ring-CH-type finger 11
ILMN_1657862	ILMN_1657862	0.0228631932846063	0.000167455743049153	-0.455557893499408	11.5910733374237	-7.39743676995483	1.44990938076579	1015215018	AHCY	adenosylhomocysteinase
ILMN_1740917	ILMN_1740917	0.0233212010147124	0.000171556202692505	0.451980819615701	6.96730250009967	7.36846019460091	1.42526640142837	124301195	SCNN1B	sodium channel epithelial 1 beta subunit
ILMN_1764380	ILMN_1764380	0.0234033264930745	0.000173394944112306	0.526371274434286	10.8039255012704	7.35571963104609	1.41440204984204	53832029	GLTP	glycolipid transfer protein
ILMN_1803686	ILMN_1803686	0.0234033264930745	0.000173657383304333	-0.547384093221625	8.59030692898262	-7.35391366012886	1.41286058446104	1015205511	ADA	adenosine deaminase
ILMN_1656812	ILMN_1656812	0.0237766853204994	0.000178110605697268	-0.677722677559613	8.65912118752023	-7.32373086586772	1.38704510587844	151101232	NMRK2	nicotinamide riboside kinase 2
ILMN_1659845	ILMN_1659845	0.0237766853204994	0.000178709174512805	0.45871431348723	9.34831225831007	7.31973902899412	1.38362332340313	148839357	KIAA0355	KIAA0355
ILMN_1717765	ILMN_1717765	0.0240250354801918	0.000181703843158463	-0.386859435774731	8.51431940110646	-7.29999202571301	1.36667028389216	134288878	NUDT11	nudix hydrolase 11
ILMN_3246401	ILMN_3246401	0.0240250354801918	0.000182845964866224	-0.46033414270209	11.8662287565195	-7.29255749903356	1.36027642289354	297374816	AIF1L	allograft inflammatory factor 1 like
ILMN_1809245	ILMN_1809245	0.0240250354801918	0.000182881035127155	0.708026039338714	8.39084837368995	7.29233004376994	1.36008070922919	546232117	PITPNB	phosphatidylinositol transfer protein beta
ILMN_1661708	ILMN_1661708	0.0240503444901525	0.000183842907092255	0.673304213073054	7.37084774124593	7.28611077259981	1.35472711012021	194688138	LGALS7	galectin 7
ILMN_1676003	ILMN_1676003	0.0241724149025966	0.000185549145289554	0.503512599321965	6.83384281465729	7.27516851746158	1.34529745885411	545746351	PNOC	prepronociceptin
ILMN_2075436	ILMN_2075436	0.0242141964474925	0.000186644321110654	0.48265049921376	7.23499315459966	7.26820479962438	1.33928941057225	62510077	PDIA3P1	protein disulfide isomerase family A member 3 pseudogene 1
ILMN_2134974	ILMN_2134974	0.0245064657567233	0.00018968095417153	0.492752884662803	8.58543801971438	7.2491351844373	1.32280905544079	307078131	RAB38	RAB38, member RAS oncogene family
ILMN_1810628	ILMN_1810628	0.0245094361038796	0.00019048784536694	0.710081361202062	7.62320751566728	7.24412599079792	1.31847324890503	162287218	PRUNE2	prune homolog 2
ILMN_1813998	ILMN_1813998	0.024877209725305	0.000194141852906494	1.29944344591765	7.25485589716549	7.22173809644033	1.29906051199941	315075293	DPPA5	developmental pluripotency associated 5
ILMN_1709674	ILMN_1709674	0.0250007505972914	0.00019590558102528	-1.03678509892027	8.43065832730634	-7.21110155308797	1.28981770209694	960139189	GFPT2	glutamine-fructose-6-phosphate transaminase 2
ILMN_1717381	ILMN_1717381	0.0251915391078716	0.000198303870059539	0.477454576004228	7.01048825937751	7.19681044480935	1.27737909168214	399154168	HOXD1	homeobox D1
ILMN_1674609	ILMN_1674609	0.0251915391078716	0.000199012030948771	0.527360421197917	9.71349679231265	7.19262790961631	1.27373435445489	365906278	CLTB	clathrin light chain B
ILMN_1690170	ILMN_1690170	0.0254348279769508	0.000202560998089322	-0.751620100838354	9.61144373660903	-7.17191723044217	1.25565749226236	315013540	CRABP2	cellular retinoic acid binding protein 2
ILMN_1686097	ILMN_1686097	0.0255257142753772	0.000204251533523316	-0.660469819386284	10.4686506967824	-7.16219542198264	1.24715523694524	300193028	TOP2A	topoisomerase (DNA) II alpha
ILMN_1760303	ILMN_1760303	0.0256006469105406	0.000206337971645117	1.18116181609907	7.90688481923303	7.15032143254917	1.23675619743726	335057530	PIK3R1	phosphoinositide-3-kinase regulatory subunit 1
ILMN_2363361	ILMN_2363361	0.026010086965956	0.000210469903485795	-0.474912805269911	8.59869143766761	-7.12720162909951	1.21646214013408	47458810	SFXN4	sideroflexin 4
ILMN_2210111	ILMN_2210111	0.0260437648506536	0.000211575394104331	3.05157862521189	8.90718841556967	7.12110281218967	1.21109855060444	10190669	GDF3	growth differentiation factor 3
ILMN_1662086	ILMN_1662086	0.0260998683451165	0.000213004213011803	0.607995848715808	8.46129519882775	7.11327334322889	1.20420670022371	975830177	GUCA1A	guanylate cyclase activator 1A
ILMN_3250870	ILMN_3250870	0.0260998683451165	0.000213700706721353	-0.390128097857898	7.85485679270357	-7.10947825384216	1.20086356396348	197116354	USP46	ubiquitin specific peptidase 46
ILMN_2364521	ILMN_2364521	0.0262554367530031	0.000216585270660419	-0.930662214511568	8.4955164337424	-7.09390806681339	1.18713031004207	520260356	AXL	AXL receptor tyrosine kinase
ILMN_1670926	ILMN_1670926	0.0262554367530031	0.000216653959005783	0.741533929082737	8.64914614730402	7.09354016275177	1.18680547355015	398303852	CHST15	carbohydrate (N-acetylgalactosamine 4-sulfate 6-O) sulfotransferase 15
ILMN_1739274	ILMN_1739274	0.0264143792497268	0.000219131536191377	0.536304980337839	11.710651743022	7.08035727050369	1.17515551776747	291084856	PDHB	pyruvate dehydrogenase (lipoamide) beta
ILMN_1844692	ILMN_1844692	0.0264143792497268	0.000220468906655613	0.744234665165603	9.02860050034129	7.0733110345897	1.16892042341547	146260269	FOXO3	forkhead box O3
ILMN_1812666	ILMN_1812666	0.0264143792497268	0.000220499999493978	0.608414934300616	8.14989566770921	7.07314778949444	1.16877590273869	66472919	DNAJC15	DnaJ heat shock protein family (Hsp40) member C15
ILMN_1767281	ILMN_1767281	0.0266081923663073	0.0002244248120138	0.547116373358906	7.28495683857076	7.0527476508209	1.15069145926197	296080750	PPBP	pro-platelet basic protein
ILMN_1761733	ILMN_1761733	0.0266081923663073	0.000224855111492797	0.484350243701267	7.14227506625782	7.05053559757963	1.14872761214775	301129274	HLA-DMB	major histocompatibility complex, class II, DM beta
ILMN_2298818	ILMN_2298818	0.0266081923663073	0.000225522004000238	-0.773584098381752	8.43725091677113	-7.0471167092552	1.14569122963255	459642367	RPS29	ribosomal protein S29
ILMN_3251691	ILMN_3251691	0.0267755239281074	0.000228561868554484	-0.556504239745395	10.3853763311077	-7.03167582923258	1.1319609969119	115529474	POLR3G	RNA polymerase III subunit G
ILMN_1733256	ILMN_1733256	0.0267755239281074	0.000229146929969413	0.518793015980469	9.6468343098618	7.02873063785093	1.12933895149235	156631004	PSMD8	proteasome 26S subunit, non-ATPase 8
ILMN_1735680	ILMN_1735680	0.0267755239281074	0.000229509384402635	0.408765519366859	7.96930512719017	7.02691030223968	1.12771783883609	221219060	TMEM30A	transmembrane protein 30A
ILMN_1753729	ILMN_1753729	0.0268300952867669	0.000231444026179257	0.558437064884663	6.855602841425	7.01724862783136	1.11910711667781	262050543	KNG1	kininogen 1
ILMN_1684108	ILMN_1684108	0.0268300952867669	0.000232211843524126	1.49577264194023	8.00453790369644	7.01343936060348	1.1157092178658	193211414	IRX4	iroquois homeobox 4
ILMN_1792072	ILMN_1792072	0.0268300952867669	0.000232551519948629	0.63371661013268	8.27537714693892	7.01175870399493	1.11420952050838	219842336	FUT4	fucosyltransferase 4
ILMN_1739521	ILMN_1739521	0.0275096132793898	0.000239321141559331	0.73414211990919	8.00831385987517	6.97883019095422	1.08475997148281	514961944	NLGN1	neuroligin 1
ILMN_1670723	ILMN_1670723	0.0275968155040349	0.000241845053671898	0.570565412434603	7.57260486085126	6.966821628954	1.07398856784904	17975754	MSL3	male-specific lethal 3 homolog (Drosophila)
ILMN_1714592	ILMN_1714592	0.0278750289832797	0.000246208325764607	0.771134019845676	7.18603378528745	6.94639142948392	1.05562424132376	80861461	CDA	cytidine deaminase
ILMN_1751708	ILMN_1751708	0.0281582675947811	0.000251988519801996	0.957736490957176	11.1911343204731	6.91994718682719	1.03178100137751	221316670	ITM2B	integral membrane protein 2B
ILMN_1684795	ILMN_1684795	0.0281582675947811	0.000252645217033678	0.472474863948779	6.76457841524526	6.91698617705551	1.02910608915704	542133146	PRND	prion protein 2 (dublet)
ILMN_2222880	ILMN_2222880	0.0281582675947811	0.000253437146494671	0.573948433844292	8.39774134851565	6.91342694229293	1.02588938062666	378925602	SLC25A42	solute carrier family 25 member 42
ILMN_1785406	ILMN_1785406	0.0281582675947811	0.000254752778445865	-0.711626827726304	8.58839697323238	-6.90754163825712	1.02056716406935	315570274	NAP1L3	nucleosome assembly protein 1 like 3
ILMN_1775441	ILMN_1775441	0.0281582675947811	0.000255692637315796	0.499559155963058	6.86972234217096	6.9033582649436	1.01678154775706	111154098	ARHGAP24	Rho GTPase activating protein 24
ILMN_1760909	ILMN_1760909	0.0281582675947811	0.000255850897939192	0.821088027148439	7.44110973619256	6.90265554335736	1.01614543774653	15011922	FGF19	fibroblast growth factor 19
ILMN_1690487	ILMN_1690487	0.0281582675947811	0.000257433809330909	0.51414242606589	9.5132713871408	6.89565383988089	1.00980423241434	134142825	PCM1	pericentriolar material 1
ILMN_3242900	ILMN_3242900	0.0281582675947811	0.000258103281700356	0.54448972640617	7.38425976115449	6.89270715958572	1.00713378446861	106775677	HIST2H2AA4	histone cluster 2, H2aa4
ILMN_1735014	ILMN_1735014	0.0282520015363112	0.000260237204709832	0.614767356079872	9.42787237591704	6.88337193724564	0.998666868603891	236460447	KLF6	Kruppel like factor 6
ILMN_2371055	ILMN_2371055	0.0284187184491692	0.000263169698202512	-0.416826663841753	7.03698801147487	-6.87068315630201	0.987141699778992	33359681	EFNA1	ephrin A1
ILMN_2194649	ILMN_2194649	0.0284187184491692	0.000263590748744933	-0.377796444912098	7.81020592178341	-6.8688743888813	0.985497241872282	211058419	TADA1	transcriptional adaptor 1
ILMN_1754727	ILMN_1754727	0.0285866302485174	0.000266062476886029	0.942517225813956	8.31451633407655	6.85832153696355	0.975895237912177	315360624	GPRASP2	G protein-coupled receptor associated sorting protein 2
ILMN_1782352	ILMN_1782352	0.028588550210766	0.000266994711876917	1.71331890357623	8.6518064510354	6.85437011942106	0.972296435777468	539848015	VENTX	VENT homeobox
ILMN_1801421	ILMN_1801421	0.0285896801035101	0.00026791966578163	-0.577512689715967	10.9975231551098	-6.85046491467439	0.968737889433857	195234784	EMD	emerin
ILMN_1737819	ILMN_1737819	0.0286275885339235	0.000269639586730022	0.484197852339242	7.03559325090874	6.84324358317836	0.962152779029125	300863143	PPP1R17	protein phosphatase 1 regulatory subunit 17
ILMN_1678934	ILMN_1678934	0.0286275885339235	0.000271010705387199	-0.544050068494498	8.08230011438203	-6.83752386674557	0.956932557102421	544346152	POLR1E	RNA polymerase I subunit E
ILMN_1705241	ILMN_1705241	0.0286275885339235	0.00027102175545453	0.348081391405199	7.12854526946143	6.83747790330058	0.956890591707337	112293286	TDRD7	tudor domain containing 7
ILMN_1654109	ILMN_1654109	0.0288837171687911	0.000274370370342575	0.487000377292703	7.04132753738786	6.82364565887347	0.944250012538163	328927006	EGFLAM	EGF like, fibronectin type III and laminin G domains
ILMN_2127842	ILMN_2127842	0.0288874800367273	0.000275330040649419	-0.641375374801118	7.54989314634343	-6.81971659218823	0.940655252335079	172072689	HBA2	hemoglobin subunit alpha 2
ILMN_1704753	ILMN_1704753	0.0292915070816418	0.00028119490710559	0.983146733753193	7.50699422484009	6.79603554294076	0.91894979590007	262527236	EPAS1	endothelial PAS domain protein 1
ILMN_1747223	ILMN_1747223	0.0292915070816418	0.000281914170021421	0.550332741544123	8.14633737317233	6.79316970799947	0.91631846078422	119874200	FRYL	FRY like transcription coactivator
ILMN_2224907	ILMN_2224907	0.0292915070816418	0.000282006655908772	0.540175933710772	9.05052553075514	6.79280180509998	0.915980590145895	961525474	SMIM14	small integral membrane protein 14
ILMN_1651987	ILMN_1651987	0.0292915070816418	0.000282928265165222	0.481935501661323	7.8224947927174	6.78914311922759	0.91261967728922	115527098	CCDC167	coiled-coil domain containing 167
ILMN_1728301	ILMN_1728301	0.0295102905832063	0.000285985352994036	0.645687700918497	6.90135320568114	6.77710236140074	0.901547475875956	197276618	GAD2	glutamate decarboxylase 2
ILMN_2285996	ILMN_2285996	0.0297249569647046	0.00028901640495331	-2.23994897663052	9.81861756303716	-6.76530658801695	0.890683546820073	568599838	KIAA0101	KIAA0101
ILMN_1776188	ILMN_1776188	0.0300934704343712	0.000293561967711995	0.467993581120709	8.64229112134133	6.74787582933167	0.874598907104905	377652329	MAP1LC3A	microtubule associated protein 1 light chain 3 alpha
ILMN_1694502	ILMN_1694502	0.0301010841069605	0.000295387346389739	-0.501365538318304	9.31257818998342	-6.74096154713373	0.868208369351568	41349493	PRIM1	primase (DNA) subunit 1
ILMN_1723678	ILMN_1723678	0.0301010841069605	0.000295561722664776	1.00618194279383	7.7378284606348	6.7403035557998	0.867599916700074	66932907	PRPH	peripherin
ILMN_1716105	ILMN_1716105	0.0303788091763717	0.000299260321957478	1.3470412187084	7.47043566393957	6.72644945321375	0.854776618760885	459683879	NLRP12	NLR family pyrin domain containing 12
ILMN_3246388	ILMN_3246388	0.0304447822016012	0.000300883953825074	-0.589773208280651	8.27252745957291	-6.72042854483178	0.849196399019734	154813206	MED14	mediator complex subunit 14
ILMN_1707339	ILMN_1707339	0.030640809818755	0.000303801287143032	0.502886456176503	9.3789293420502	6.70970167784628	0.839243698067957	195963404	BTG3	BTG anti-proliferation factor 3
ILMN_2047599	ILMN_2047599	0.030925199964923	0.000308404777410858	0.531213457260862	7.90957369103583	6.69300889908047	0.823727661562745	338797699	TMEM50B	transmembrane protein 50B
ILMN_1735402	ILMN_1735402	0.030925199964923	0.000308599193662636	0.562540944040852	8.01746284411769	6.69231011548551	0.823077393856568	195539365	DCAF5	DDB1 and CUL4 associated factor 5
ILMN_1791593	ILMN_1791593	0.0317497357398013	0.000320328606141279	-0.543520913775597	8.17224832266551	-6.65104551337395	0.784571387670552	122891861	DENND5B	DENN domain containing 5B
ILMN_1745172	ILMN_1745172	0.0317497357398013	0.000322916168466156	-0.396402158503074	11.71315937949	-6.64217154210413	0.776263250476841	392513660	ILF2	interleukin enhancer binding factor 2
ILMN_1899404	ILMN_1899404	0.0317497357398013	0.000323594707184933	-0.565696087118499	7.41264996627236	-6.639857769972	0.774095413504124	7021073	ROR1	receptor tyrosine kinase like orphan receptor 1
ILMN_1723277	ILMN_1723277	0.0317497357398013	0.000323799679395057	0.510743375188656	7.28167885190531	6.63915990333974	0.773441433113847	675269471	MFAP3L	microfibrillar associated protein 3 like
ILMN_1808011	ILMN_1808011	0.0317497357398013	0.000324302710359706	-0.37935860305333	10.2010821202772	-6.6374493471216	0.771838192774877	209862820	FAM46B	family with sequence similarity 46 member B
ILMN_1756550	ILMN_1756550	0.0317497357398013	0.000325675228381353	0.350720625717854	7.33745877635154	6.63279726689483	0.767476141753194	222144276	NUP62CL	nucleoporin 62 C-terminal like
ILMN_1805992	ILMN_1805992	0.0317497357398013	0.000325844775866982	0.437500707507514	8.96095839519449	6.63222412773426	0.766938549120159	385198091	SHTN1	shootin 1
ILMN_1806106	ILMN_1806106	0.0317497357398013	0.000325966390727186	-0.434520734296951	10.3377223625339	-6.63181322718482	0.766553107916928	45593129	GNL3	G protein nucleolar 3
ILMN_1763491	ILMN_1763491	0.031769311943327	0.000327241772625644	-0.536288831771036	7.66546801307014	-6.62751446639112	0.762519444735577	1011750902	CKMT1B	creatine kinase, mitochondrial 1B
ILMN_2184640	ILMN_2184640	0.031769311943327	0.000328199570066354	-0.395111058875145	8.73952422286542	-6.62429853875671	0.759500341784518	548923917	NOLC1	nucleolar and coiled-body phosphoprotein 1
ILMN_1703906	ILMN_1703906	0.032022759830112	0.000331881001926309	-0.495148776624111	9.44848189902807	-6.61203536053493	0.747975942223164	545479117	HJURP	Holliday junction recognition protein
ILMN_1745223	ILMN_1745223	0.032022759830112	0.00033344769552292	-0.617214241204612	9.85718067149074	-6.6068629757037	0.7431095649772	48375181	CDC42EP4	CDC42 effector protein 4
ILMN_1762142	ILMN_1762142	0.032022759830112	0.000336655679030596	0.425697453934349	7.09163416424027	6.59635683940802	0.7332147550148	88999585	CDCA7	cell division cycle associated 7
ILMN_1801584	ILMN_1801584	0.032022759830112	0.000337812418456657	0.629665353652355	7.34389627077482	6.59259615952267	0.729669562572074	56790928	CXCR4	C-X-C motif chemokine receptor 4
ILMN_1691376	ILMN_1691376	0.032022759830112	0.000339318563830724	-0.444165278086157	8.28306649845458	-6.58772120929444	0.725071326431062	168480146	JAG1	jagged 1
ILMN_2342695	ILMN_2342695	0.032022759830112	0.000339396015761764	0.920164193476667	8.01076374943714	6.58747117947934	0.724835409097987	197333759	PDGFA	platelet derived growth factor subunit A
ILMN_1725338	ILMN_1725338	0.032022759830112	0.000339477134290085	0.592605333499627	8.26736705654321	6.58720938208494	0.724588380036227	124107615	CLDN23	claudin 23
ILMN_2326712	ILMN_2326712	0.032022759830112	0.000340074749341678	0.553203850500493	7.08501860733583	6.58528284218628	0.722770256041178	521258683	BACE2	beta-site APP-cleaving enzyme 2
ILMN_2386008	ILMN_2386008	0.032022759830112	0.000341945998051509	-0.506998655547939	8.39623455474855	-6.57927504976951	0.717097579932558	226054556	MPZL1	myelin protein zero like 1
ILMN_1684210	ILMN_1684210	0.032022759830112	0.000342084109999917	0.669636145099071	7.30609355670102	6.57883309880361	0.716680103325524	210032474	NIPAL3	NIPA like domain containing 3
ILMN_1669032	ILMN_1669032	0.0322862059464716	0.000346302451129666	0.715843506987357	8.32190996812825	6.56543061924344	0.704008241362617	45439319	PPIC	peptidylprolyl isomerase C
ILMN_1758827	ILMN_1758827	0.0322862059464716	0.000346963640952295	-0.503574548665577	8.6133848797487	-6.56334657082988	0.70203578521585	974005215	RTN4IP1	reticulon 4 interacting protein 1
ILMN_1726873	ILMN_1726873	0.0323408514151128	0.000348585266004382	0.552047527291087	8.29584836039726	6.55825414529292	0.697213752175782	157502180	TPCN2	two pore segment channel 2
ILMN_1813851	ILMN_1813851	0.0326854359165884	0.000353344762355494	-0.45716207291836	7.30804796668044	-6.54346050893361	0.683187190114941	61677286	GRPR	gastrin releasing peptide receptor
ILMN_1803338	ILMN_1803338	0.0327687706557285	0.00035738984179631	0.50891914074767	7.03702561542094	6.53106280534408	0.671411181158414	564730532	CCDC80	coiled-coil domain containing 80
ILMN_1776516	ILMN_1776516	0.0327880587347162	0.000358648886562814	0.345003329942853	7.2501217253744	6.52723620070045	0.667772564529123	331284123	ITPKA	inositol-trisphosphate 3-kinase A
ILMN_1789879	ILMN_1789879	0.0329347674695	0.000361307018551734	-0.372205848776043	7.99618309057275	-6.51920681348967	0.660131645052633	55743160	WDR35	WD repeat domain 35
ILMN_1730201	ILMN_1730201	0.0329654140335678	0.000362697576522335	-1.01375979472243	9.6269430628455	-6.51503283169442	0.656156396626653	189571593	DTNA	dystrobrevin alpha
ILMN_1663640	ILMN_1663640	0.0331447227888803	0.000365730485580622	0.410730838507279	7.21347110593662	6.50599125387191	0.647537778883406	395132502	MAOA	monoamine oxidase A
ILMN_1730082	ILMN_1730082	0.0333640960963005	0.000369218232243331	-0.518854222821334	10.1429330533196	-6.49569753409291	0.637713033717409	221316662	RPUSD4	RNA pseudouridylate synthase domain containing 4
ILMN_1736982	ILMN_1736982	0.0335217793581826	0.00037216517553697	0.840756985944726	7.59756780616497	6.48708491759794	0.62948251156174	1016470466	PHACTR1	phosphatase and actin regulator 1
ILMN_3178302	ILMN_3178302	0.0335217793581826	0.000373776968706728	0.434401467563326	8.54579434368384	6.48240677932501	0.625007982475632	205360933	FNDC3B	fibronectin type III domain containing 3B
ILMN_1738272	ILMN_1738272	0.0335217793581826	0.000374179651890415	-0.357950105742088	8.77054242428967	-6.48124155994951	0.62389304645519	167830432	DHX36	DEAH-box helicase 36
ILMN_1656171	ILMN_1656171	0.0338965115455274	0.00037989060835229	-0.333786747285694	7.65567053753031	-6.46486651762839	0.608206437878302	1040735421	ADAMTS19	ADAM metallopeptidase with thrombospondin type 1 motif 19
ILMN_1780991	ILMN_1780991	0.0338965115455274	0.000380530785916974	0.693382702771149	7.06004257568455	6.46304822720322	0.606462492254175	313569849	DND1	DND microRNA-mediated repression inhibitor 1
ILMN_2197946	ILMN_2197946	0.0339467356040556	0.000382180353503089	-0.524112596798659	8.52342738436373	-6.45837880056875	0.601982060857344	259089431	SCG3	secretogranin III
ILMN_1662619	ILMN_1662619	0.034265428625954	0.000386864207284646	1.48903567967191	8.59976469571759	6.44524291800654	0.589362980135403	1042779736	TFPI	tissue factor pathway inhibitor
ILMN_1782459	ILMN_1782459	0.0342970808730645	0.000388318513051392	0.525785640845453	7.86726657225527	6.44120070531499	0.585475378600909	51243031	OSBPL8	oxysterol binding protein like 8
ILMN_2150019	ILMN_2150019	0.0344117755528753	0.000390717722806587	1.16014917797416	9.21494745133851	6.43456925619134	0.579093065000997	186910280	SUCLA2	succinate-CoA ligase ADP-forming beta subunit
ILMN_1714383	ILMN_1714383	0.0345226059714453	0.000393080270128399	0.351240387883836	7.67489891461669	6.42808378321188	0.572845816249213	974141150	TPD52L1	tumor protein D52-like 1
ILMN_1772731	ILMN_1772731	0.0348214255661836	0.000397596396313169	0.35168404262906	9.39413307669176	6.41580769799524	0.561005943306803	94538321	HAGH	hydroxyacylglutathione hydrolase
ILMN_1774432	ILMN_1774432	0.0350622296807511	0.000401467351938493	0.500984861306122	9.23526506727677	6.40540963000924	0.550962272064913	968121892	DTD1	D-tyrosyl-tRNA deacylase 1
ILMN_1723709	ILMN_1723709	0.0353327832697224	0.000406825368678439	-0.515266225103316	8.23132280167858	-6.39120175509362	0.537216236151646	115430215	C9orf116	chromosome 9 open reading frame 116
ILMN_1662038	ILMN_1662038	0.0353459121236826	0.000408107026055441	-1.02330378113927	9.74083233194391	-6.38783438106707	0.533954522838965	189083833	LARGE1	LARGE xylosyl- and glucuronyltransferase 1
ILMN_1654685	ILMN_1654685	0.0357021675505344	0.000413521220131771	0.354149382428775	7.13378010820181	6.37373950953147	0.52028609393165	663071072	MCTP1	multiple C2 and transmembrane domain containing 1
ILMN_2216860	ILMN_2216860	0.0357021675505344	0.000414953747275146	0.373378545675838	6.83649717405457	6.37004490830276	0.516699043599336	259013212	CSMD1	CUB and Sushi multiple domains 1
ILMN_1712431	ILMN_1712431	0.0357021675505344	0.000415646036857753	0.921217937204782	8.37840546024479	6.36826457895028	0.514969912222477	526479833	PCED1B	PC-esterase domain containing 1B
ILMN_1653203	ILMN_1653203	0.0368036669026237	0.000429646850235324	0.440735038684497	8.0401392989568	6.33295889813046	0.48059501474306	320118910	EFEMP2	EGF containing fibulin like extracellular matrix protein 2
ILMN_1722713	ILMN_1722713	0.0370894479391211	0.000434169319571366	0.616281219783447	8.7749266528704	6.32183049829119	0.469726560857635	34734067	FBLN1	fibulin 1
ILMN_1689908	ILMN_1689908	0.0376732908423882	0.000442208716790011	0.542801367750641	8.36310027135966	6.30236628117588	0.450678344020706	38683798	ANKRD13A	ankyrin repeat domain 13A
ILMN_1751086	ILMN_1751086	0.0379175423689262	0.000446288479235107	0.455788013391835	8.74970676259203	6.29264041629301	0.44114187646452	586798194	ATL3	atlastin GTPase 3
ILMN_2268068	ILMN_2268068	0.0381121127586132	0.000450007298179655	0.99228643195859	8.76314009093604	6.28386174181517	0.432523565984177	56788400	MAPKAP1	mitogen-activated protein kinase associated protein 1
ILMN_1732831	ILMN_1732831	0.0381121127586132	0.00045260613799793	0.765207472035327	9.58590166677711	6.27777519404117	0.426542299347912	528881275	CHST7	carbohydrate sulfotransferase 7
ILMN_1803811	ILMN_1803811	0.0381121127586132	0.000453155348991707	-0.466741321476379	9.96448198192984	-6.27649395898436	0.425282609720666	545478230	TRIB1	tribbles pseudokinase 1
ILMN_1798187	ILMN_1798187	0.0381121127586132	0.000454184216072078	0.530596222951252	7.37025314102712	6.27409844455889	0.422926803071942	312596868	KAT7	lysine acetyltransferase 7
ILMN_1808404	ILMN_1808404	0.0381121127586132	0.000454673385113629	0.588048379027368	10.0308051626534	6.27296165040897	0.421808589840752	190341096	RHBDF1	rhomboid 5 homolog 1
ILMN_1701998	ILMN_1701998	0.0385015348426748	0.000462317923069639	1.10960724346952	8.09918603804167	6.25537291498631	0.404485793146709	125661040	AFAP1	actin filament associated protein 1
ILMN_1798620	ILMN_1798620	0.0385015348426748	0.000463013404364028	0.685005218300049	9.7080823048318	6.25378898805735	0.402923825980376	226503894	PQLC1	PQ loop repeat containing 1
ILMN_1774982	ILMN_1774982	0.0385664110538915	0.000465027089084535	0.555709487094433	7.3512321443356	6.2492179571787	0.398414323618288	528319756	CDC42EP5	CDC42 effector protein 5
ILMN_1741253	ILMN_1741253	0.0385671146585787	0.000466433712310054	-0.448968970175414	8.31189506948633	-6.24603812995498	0.395275681708866	319803064	UBR5	ubiquitin protein ligase E3 component n-recognin 5
ILMN_2403237	ILMN_2403237	0.0385671146585787	0.000467502605245357	0.401560926280175	7.07585217659568	6.24362898103733	0.392896852475743	641386914	CHN2	chimerin 2
ILMN_1706075	ILMN_1706075	0.0386373789698535	0.000470825861559336	-0.396842672239858	10.0746378284945	-6.23617816110165	0.385534977793623	821562778	SF3B1	splicing factor 3b subunit 1
ILMN_1786041	ILMN_1786041	0.0386432844488038	0.00047268048829454	0.683902366997533	7.83597406514309	6.23204570713078	0.381448709601675	271398160	ASB9	ankyrin repeat and SOCS box containing 9
ILMN_1786021	ILMN_1786021	0.0386432844488038	0.000473902077112246	0.792099106652511	8.25887562843942	6.2293337257639	0.378765817489749	524553338	PRKAB2	protein kinase AMP-activated non-catalytic subunit beta 2
ILMN_1653711	ILMN_1653711	0.0386432844488038	0.000475286039690541	0.384424199432332	7.93946178523348	6.22627074791174	0.375734529809382	313851098	FZD2	frizzled class receptor 2
ILMN_1690546	ILMN_1690546	0.0386432844488038	0.000477768189724373	0.365350011655324	7.64484476500576	6.22080230637119	0.370319594242452	345842410	PPP3CC	protein phosphatase 3 catalytic subunit gamma
ILMN_1715603	ILMN_1715603	0.0386432844488038	0.000478692139242636	0.986920385324562	7.36396381654658	6.21877489973625	0.368311023693039	28144902	IL23A	interleukin 23 subunit alpha
ILMN_1773968	ILMN_1773968	0.0386432844488038	0.000478934034094692	-0.380956203846953	9.78517634099015	-6.21824484062334	0.36778579988264	66346682	SERBP1	SERPINE1 mRNA binding protein 1
ILMN_1668559	ILMN_1668559	0.0386432844488038	0.000479549490377274	-0.402342060459259	7.63373276250044	-6.21689756016356	0.366450642867396	52694754	RGS10	regulator of G-protein signaling 10
ILMN_2116299	ILMN_2116299	0.0386786457453021	0.000481788337803634	0.398034446761883	7.0504198426583	6.21201290018458	0.361607930211391	117956392	FAM110D	family with sequence similarity 110 member D
ILMN_1726456	ILMN_1726456	0.0386786457453021	0.000484024682794652	-0.471170303105394	10.1142384069151	-6.20715910943757	0.356792703419546	312032449	SLC3A2	solute carrier family 3 member 2
ILMN_2361862	ILMN_2361862	0.0386786457453021	0.000484683314943011	-0.53055181314028	8.48053777412121	-6.20573441061931	0.355378733586424	1016080607	VLDLR	very low density lipoprotein receptor
ILMN_2078995	ILMN_2078995	0.0394434582584082	0.000497048632822005	0.540369209159556	7.18757742426883	6.17938367075245	0.329178045855402	288557240	CSRNP3	cysteine and serine rich nuclear protein 3
ILMN_3243117	ILMN_3243117	0.0395666348415575	0.000499866332834875	-0.352037289958877	7.4464585836336	-6.17348214556309	0.323297522033913	150456464	TTC9	tetratricopeptide repeat domain 9
ILMN_1665943	ILMN_1665943	0.0398722568554165	0.000505002677500958	0.457689276372617	8.68042027016541	6.16281992454453	0.312661524267908	558472802	MAP4K1	mitogen-activated protein kinase kinase kinase kinase 1
ILMN_2214473	ILMN_2214473	0.0400739826257204	0.000508839349530193	0.392263907305558	8.21876958866988	6.15493482836663	0.304786104474625	270265794	ARHGEF35	Rho guanine nucleotide exchange factor 35
ILMN_1707695	ILMN_1707695	0.040083061722717	0.00051149344559593	-0.373033786311137	7.45512569011318	-6.14951914984736	0.299372280493176	400286377	IFIT1	interferon induced protein with tetratricopeptide repeats 1
ILMN_1805132	ILMN_1805132	0.040083061722717	0.000511518634534769	0.403763006342013	6.93613882471896	6.1494679032517	0.299321032798547	157426844	PCDH19	protocadherin 19
ILMN_1724376	ILMN_1724376	0.0401220330960051	0.000514907773397381	0.449821217341039	8.98144421254598	6.14259848076208	0.292448296725558	343183358	ERLEC1	endoplasmic reticulum lectin 1
ILMN_1784661	ILMN_1784661	0.0401220330960051	0.000517481579456547	1.00749430657458	9.00510112473568	6.13741550882509	0.287258661872444	209447094	TMEM2	transmembrane protein 2
ILMN_2258268	ILMN_2258268	0.0401220330960051	0.000517725110418188	-0.397592456543457	7.28159506648165	-6.13692660191478	0.286768941545865	343478145	GLRX2	glutaredoxin 2
ILMN_1775708	ILMN_1775708	0.0401220330960051	0.000517769843295768	-0.51041796424982	12.9936118924395	-6.13683682535815	0.286679012158784	221136810	SLC2A3	solute carrier family 2 member 3
ILMN_1768394	ILMN_1768394	0.0401220330960051	0.000518432206575387	0.472873399891521	9.72085618732248	6.13550851581564	0.285348315728031	394025702	ARPC5	actin related protein 2/3 complex subunit 5
ILMN_2371724	ILMN_2371724	0.040468060069326	0.000524197669291788	0.582664474919781	7.15210024519251	6.12402633036737	0.273835679485011	296317301	CEACAM1	carcinoembryonic antigen related cell adhesion molecule 1
ILMN_2125869	ILMN_2125869	0.0405645269032415	0.000529968914890266	1.21246246072748	11.3818460988927	6.11267387011107	0.262435789307318	47078293	ACTA1	actin, alpha 1, skeletal muscle
ILMN_1812441	ILMN_1812441	0.0405645269032415	0.00053271428263276	0.574396082008819	9.34113520886349	6.10732218422207	0.257055762332895	568786301	FAM222B	family with sequence similarity 222 member B
ILMN_2335319	ILMN_2335319	0.0405645269032415	0.000533508502906467	-0.57256525865469	7.26758423181222	-6.1057797470131	0.25550444458785	313661485	KCNG3	potassium voltage-gated channel modifier subfamily G member 3
ILMN_2329679	ILMN_2329679	0.0405645269032415	0.000534529043821899	0.698298975089209	10.1192467796889	6.10380156046523	0.253514402040321	56699464	TPST2	tyrosylprotein sulfotransferase 2
ILMN_1672660	ILMN_1672660	0.0407097226907871	0.000537744369964021	0.719050653025436	8.83835810280701	6.09759670032197	0.247268950158458	68509937	MBP	myelin basic protein
ILMN_1679391	ILMN_1679391	0.0409410974207234	0.000542110098259435	-0.589563601848126	7.41982385456589	-6.08923821453712	0.238847617141887	223278412	MAMDC2	MAM domain containing 2
ILMN_2395240	ILMN_2395240	0.0409883720059379	0.000545556429033893	0.53941657246208	8.44882312797516	6.08269320905617	0.232246849151147	54112404	CHEK2	checkpoint kinase 2
ILMN_1794501	ILMN_1794501	0.0409883720059379	0.000546664535150556	0.625833573059522	9.2670829318981	6.08059864189832	0.230133220291458	20302152	HAS3	hyaluronan synthase 3
ILMN_1686464	ILMN_1686464	0.0409883720059379	0.000546668941549162	0.552333165311551	7.30148184086035	6.08059032234744	0.230124823851761	38679889	SLCO4C1	solute carrier organic anion transporter family member 4C1
ILMN_1724139	ILMN_1724139	0.0416180331574393	0.000557191512448729	0.735528148211943	9.65509537088596	6.06093504542826	0.210261878828232	100913217	TMEM123	transmembrane protein 123
ILMN_2358560	ILMN_2358560	0.0416180331574393	0.000557729031310915	-0.453817340759482	7.64237642327885	-6.05994222168841	0.209257184165082	73695942	TIAM2	T-cell lymphoma invasion and metastasis 2
ILMN_1772627	ILMN_1772627	0.0416846498770977	0.000560880535367232	0.755230160014065	9.80036064953093	6.05414277761572	0.203385740272983	91932787	NSG1	neuron specific gene family member 1
ILMN_3241254	ILMN_3241254	0.0416846498770977	0.00056128822357379	0.478222590919682	7.07508976544851	6.0533952180963	0.202628569538654	299829247	HAS2-AS1	HAS2 antisense RNA 1
ILMN_1737308	ILMN_1737308	0.0418688754247195	0.000565342599003987	1.19470365623033	8.8612303024536	6.04599391487856	0.195128036334546	169646771	GLRX	glutaredoxin
ILMN_1742929	ILMN_1742929	0.0418688754247195	0.00056652004480304	0.589049590098757	7.92933319666647	6.04385564074072	0.192959715943375	171184419	HESX1	HESX homeobox 1
ILMN_2242998	ILMN_2242998	0.0418688754247195	0.00057113867659983	0.984281497058046	8.55860957626289	6.03551600128815	0.184496981907394	116284400	ZNF682	zinc finger protein 682
ILMN_1740572	ILMN_1740572	0.0418688754247195	0.000572521821986253	-0.383572063115977	7.66825283695804	-6.03303325126917	0.181975767960762	296080702	TCN2	transcobalamin 2
ILMN_1679476	ILMN_1679476	0.0418688754247195	0.000572547235979691	-0.475737655667963	10.3700546930527	-6.03298769611402	0.18192949924638	209869996	GART	phosphoribosylglycinamide formyltransferase, phosphoribosylglycinamide synthetase, phosphoribosylaminoimidazole synthetase
ILMN_1755727	ILMN_1755727	0.0418688754247195	0.000573353494889438	-0.324545449859317	10.0077750107756	-6.03154363643941	0.18046267469608	930588923	KDM5B	lysine demethylase 5B
ILMN_1758633	ILMN_1758633	0.0418688754247195	0.000575530606330906	0.63688084811446	9.61810476989488	6.0276556588694	0.176512001027731	1001624571	CCDC130	coiled-coil domain containing 130
ILMN_1667692	ILMN_1667692	0.0418688754247195	0.000577845883095468	-0.41143559542091	7.40479581178309	-6.02353901910384	0.172326745017814	61676177	PTGIS	prostaglandin I2 (prostacyclin) synthase
ILMN_2390853	ILMN_2390853	0.0418688754247195	0.000579748978684098	-0.77700763113754	8.49339676221215	-6.02016909609548	0.168898941617731	982742429	CTSH	cathepsin H
ILMN_1740319	ILMN_1740319	0.0418688754247195	0.000580613282924443	0.29689180302217	7.35031315631026	6.01864272116865	0.167345843414979	50511937	IFI27L2	interferon alpha inducible protein 27 like 2
ILMN_1679158	ILMN_1679158	0.0418688754247195	0.000583124878967471	0.658913263423094	7.58992195414432	6.01422164090665	0.162845576124496	195972891	FAAH2	fatty acid amide hydrolase 2
ILMN_2334350	ILMN_2334350	0.0418688754247195	0.000584366732393622	-0.378601175785844	8.18754480933762	-6.01204353962649	0.160627486647908	543173114	BTBD3	BTB domain containing 3
ILMN_1670779	ILMN_1670779	0.0418688754247195	0.000585127100557501	0.316135961721669	6.93511325922752	6.01071248471002	0.159271677444832	189458883	DPEP1	dipeptidase 1 (renal)
ILMN_2388547	ILMN_2388547	0.0418688754247195	0.000585194734235349	0.412063000737081	6.95804906325604	6.01059418331566	0.159151164295613	388240825	EPSTI1	epithelial stromal interaction 1 (breast)
ILMN_1738401	ILMN_1738401	0.0419431146465466	0.000588268895071206	1.11843041899653	7.61698041910823	6.00523316439549	0.153687920405873	119395715	FOXC1	forkhead box C1
ILMN_1726512	ILMN_1726512	0.0419431146465466	0.000590612736297622	0.697969071979704	9.12564975737752	6.0011668375764	0.149541450427411	63176660	ZSCAN2	zinc finger and SCAN domain containing 2
ILMN_1728132	ILMN_1728132	0.0419431146465466	0.000591099463798793	-0.83530553853609	10.9086721934665	-6.00032468656562	0.148682420372777	937827786	LDHB	lactate dehydrogenase B
ILMN_1758067	ILMN_1758067	0.0419431146465466	0.000592515435740847	0.433502770085658	6.98451897573219	5.99787914805525	0.146187319531846	164664486	RGS4	regulator of G-protein signaling 4
ILMN_3237256	ILMN_3237256	0.0419431146465466	0.000594009604978478	0.398262940948307	8.41432837318963	5.9953056589756	0.143560796110164	228008408	BEND4	BEN domain containing 4
ILMN_1706677	ILMN_1706677	0.0419431146465466	0.000594281321192994	0.38561843547146	7.76175077269691	5.99483844834594	0.143083860531433	75709178	MAPK1	mitogen-activated protein kinase 1
ILMN_1729117	ILMN_1729117	0.0421506216749629	0.00059856956514052	-0.72346636974869	8.29423994928801	-5.98749649789018	0.13558518371067	89363016	COL5A2	collagen type V alpha 2 chain
ILMN_1701933	ILMN_1701933	0.0423135057067951	0.000602235976444822	0.428107920161732	9.01747962760166	5.98126586691287	0.129215786900374	225690600	SNCA	synuclein alpha
ILMN_1688152	ILMN_1688152	0.0423493615951022	0.00060410078908129	0.428671750216775	8.39598145238681	5.97811315488377	0.125990841653933	393538534	IL27RA	interleukin 27 receptor subunit alpha
ILMN_1809467	ILMN_1809467	0.0423757984747667	0.000605833234766863	0.547507059109488	8.05140835734532	5.97519400050624	0.123003595763605	31543930	VAMP5	vesicle associated membrane protein 5
ILMN_1676358	ILMN_1676358	0.0425787990993702	0.000610097294074005	0.785130969534208	9.61240372295393	5.96804883490711	0.115686853820082	48762927	RALB	RALB Ras like proto-oncogene B
ILMN_1723412	ILMN_1723412	0.0428981269354119	0.000616044872833108	0.453817265473675	6.99658906708431	5.95817571745601	0.105565171073149	42716308	ASCL2	achaete-scute family bHLH transcription factor 2
ILMN_2143155	ILMN_2143155	0.0429402692482931	0.000618023449169446	-0.448184904674769	7.96335256180246	-5.95491493115234	0.102219361725963	197304797	KIF11	kinesin family member 11
ILMN_1701514	ILMN_1701514	0.0435347902735337	0.000629086572564353	0.574967641258654	9.54671117302538	5.93689569914186	0.08370402093027	373938458	TRAF3IP2	TRAF3 interacting protein 2
ILMN_1757406	ILMN_1757406	0.0435347902735337	0.000629779065071342	0.348021483456425	7.93282784367234	5.93577964001386	0.0825557697380379	21071025	HIST1H1C	histone cluster 1, H1c
ILMN_3304435	ILMN_3304435	0.0435347902735337	0.000630757372030664	0.466510131415184	8.75630726769615	5.93420529147537	0.0809357193056295	228008386	FAM133CP	family with sequence similarity 133, member A pseudogene
ILMN_1800008	ILMN_1800008	0.0435587284735009	0.000633345551976457	-0.383571434801354	9.73449776579404	-5.93005342064507	0.0766616910227453	223890189	ACAT1	acetyl-CoA acetyltransferase 1
ILMN_1800898	ILMN_1800898	0.0435587284735009	0.000633890534620447	-0.693385258806543	7.95986800190936	-5.92918160456559	0.0757639233164742	52426739	ARG2	arginase 2
ILMN_1811363	ILMN_1811363	0.0439430206491734	0.000640888422440448	0.436873268933624	7.23134354399094	5.91806116016682	0.0643032865021853	56550109	NOVA1	NOVA alternative splicing regulator 1
ILMN_1711608	ILMN_1711608	0.0440626966571366	0.000644043125833539	-0.390301897691584	7.99539223106839	-5.91309244912548	0.0591770752977894	376319225	SSBP2	single stranded DNA binding protein 2
ILMN_1803801	ILMN_1803801	0.0447872599940619	0.000658931094392263	0.478567952821272	7.06607440997974	5.89000651828267	0.0353147239317266	299782600	LRRC38	leucine rich repeat containing 38
ILMN_1663866	ILMN_1663866	0.0448056011650457	0.000661564846738356	0.575216348810994	8.11124654017111	5.88598345859518	0.0311488347059026	170650698	TGFBI	transforming growth factor beta induced
ILMN_1755588	ILMN_1755588	0.0448056011650457	0.000662719638751339	0.641982273644304	7.40308534095067	5.88422517500578	0.0293274247846815	157504498	KANK3	KN motif and ankyrin repeat domains 3
ILMN_2326071	ILMN_2326071	0.0448056011650457	0.000663500074823008	0.423554294649032	13.5121705984342	5.8830388301299	0.0280982459695407	314122163	MYL6	myosin light chain 6
ILMN_2097185	ILMN_2097185	0.0451161512908277	0.000669541808960023	-0.33085155241333	7.51383037392173	-5.87390739625166	0.0186305976148287	199559784	PUS3	pseudouridylate synthase 3
ILMN_1726666	ILMN_1726666	0.0455146603766969	0.000676911567682596	0.637390844447355	8.24768006755443	5.86289313358632	0.00719543323627914	89903006	GPX3	glutathione peroxidase 3
ILMN_1659106	ILMN_1659106	0.0456551839849609	0.00068156712051502	0.774091316953356	8.24092101659659	5.85600440756825	3.49106217427675e-05	824453349	PHLDA3	pleckstrin homology like domain family A member 3
ILMN_1718766	ILMN_1718766	0.0456551839849609	0.000682712385607081	1.36819601469873	10.4317647851912	5.85431786938864	-0.00171917382206477	194097399	MT1F	metallothionein 1F
ILMN_2153916	ILMN_2153916	0.0456551839849609	0.000684282443893	-0.579837158644488	7.40490194540999	-5.85201092292011	-0.00411915356881298	147901657	HSPA2	heat shock protein family A (Hsp70) member 2
ILMN_1747318	ILMN_1747318	0.0456551839849609	0.000688413535960994	0.384154921384761	7.53310080526028	5.84596920114803	-0.0104080255486227	112382256	PATJ	PATJ, crumbs cell polarity complex component
ILMN_1690223	ILMN_1690223	0.0456551839849609	0.000688413829632	1.11599350683489	10.8959596052155	5.8459687731009	-0.0104084712856682	289802978	CNTNAP2	contactin associated protein-like 2
ILMN_1761797	ILMN_1761797	0.0456551839849609	0.000689223016724287	0.51786785908525	11.4941580479478	5.84479010033674	-0.0116359516639282	371502129	CSTB	cystatin B
ILMN_3291578	ILMN_3291578	0.0462575206383249	0.000699795537066708	-1.02247840965437	8.65346193561183	-5.82953112571653	-0.027544228675719	302393556	LINC01405	long intergenic non-protein coding RNA 1405
ILMN_1705737	ILMN_1705737	0.0465475573359602	0.000705672045584506	-0.497399811697438	11.9964653614546	-5.82116112196728	-0.0362841643807927	66933015	IMPDH2	inosine monophosphate dehydrogenase 2
ILMN_1689786	ILMN_1689786	0.0465868677901399	0.000707758018304754	-0.537961347182213	8.91722319955773	-5.81820881809228	-0.03936928240286	291045179	ASMTL	acetylserotonin O-methyltransferase-like
ILMN_3239254	ILMN_3239254	0.0466675083349093	0.000711655122860232	0.919222075788563	10.5001554201266	5.81271924732631	-0.0451090432563275	380748931	UCA1	urothelial cancer associated 1 (non-protein coding)
ILMN_1718734	ILMN_1718734	0.0466675083349093	0.000712300021328058	0.399787469055118	7.6470615748227	5.81181407627453	-0.0460558719282185	133908639	MLLT6	MLLT6, PHD finger domain containing
ILMN_1812940	ILMN_1812940	0.0466675083349093	0.000714946330047047	-0.42573476305853	9.3575082149594	-5.80810934957979	-0.0499322893423013	217035085	TRMT1	tRNA methyltransferase 1
ILMN_1695658	ILMN_1695658	0.0466675083349093	0.000716166042986124	-0.52726396903673	9.52402308997056	-5.80640697308789	-0.0517142031375064	195539383	KIF20A	kinesin family member 20A
ILMN_2038775	ILMN_2038775	0.0466675083349093	0.000716855533834359	1.09221276140911	11.2007191477727	5.80544607522393	-0.0527201742183738	68299771	TUBB2A	tubulin beta 2A class IIa
ILMN_2165975	ILMN_2165975	0.0466675083349093	0.000717938703674643	-0.472045538106631	7.4943994961841	-5.80393862364269	-0.0542985964261575	297747273	CES3	carboxylesterase 3
ILMN_3240241	ILMN_3240241	0.0468248826176741	0.000722499689820499	-0.517266347193514	8.07622979864191	-5.79761893750267	-0.0609192702848826	555290092	TMEM132B	transmembrane protein 132B
ILMN_1754187	ILMN_1754187	0.0468248826176741	0.000724475798909246	0.43232060029448	6.82615197441334	5.7948947214914	-0.0637749555677578	754502044	DMRTB1	DMRT like family B with proline rich C-terminal 1
ILMN_1716678	ILMN_1716678	0.0468248826176741	0.000724852657421937	0.492953761087813	12.4405615036363	5.7943761393818	-0.0643186818413461	29171756	NPC2	NPC intracellular cholesterol transporter 2
ILMN_1851610	ILMN_1851610	0.0469228317406633	0.000727869679339273	0.623378675881632	8.29183556861067	5.79023538391284	-0.0686615577953109	34529263	LOC729860	uncharacterized LOC729860
ILMN_1685834	ILMN_1685834	0.047109604305318	0.000732273642051576	0.498808244216874	7.66971183840424	5.78422551803889	-0.0749690515813795	312922370	AMPH	amphiphysin
ILMN_1715809	ILMN_1715809	0.0477336067560399	0.00074507330452078	0.394355518346848	7.36725136531344	5.76698586675959	-0.0930905652682572	1023301006	OGFRL1	opioid growth factor receptor like 1
ILMN_1743021	ILMN_1743021	0.0477336067560399	0.000747851313400658	-0.296803940935924	7.64753899313716	-5.76328805308092	-0.0969829680081435	27437018	CAMKK2	calcium/calmodulin dependent protein kinase kinase 2
ILMN_1807798	ILMN_1807798	0.0477336067560399	0.000749027817925024	0.569348735988041	7.49382643943917	5.76172664364873	-0.0986271200240605	85794864	ATP5G2	ATP synthase, H+ transporting, mitochondrial Fo complex subunit C2 (subunit 9)
ILMN_3244117	ILMN_3244117	0.0477336067560399	0.000749696517649631	-1.32379374668193	10.4979738316164	-5.76084039703695	-0.0995604832779557	444189300	STMN3	stathmin 3
ILMN_1811632	ILMN_1811632	0.0477336067560399	0.000751175348537435	0.562824622698479	6.86090031413398	5.75888360311809	-0.101621699739458	523704352	FMO5	flavin containing monooxygenase 5
ILMN_2346727	ILMN_2346727	0.0477336067560399	0.000751510529963819	0.335950398041782	6.96625772817962	5.75844069015456	-0.102088323074748	197313692	MTUS1	microtubule associated tumor suppressor 1
ILMN_1656540	ILMN_1656540	0.0477336067560399	0.00075266001825394	-0.314325036422415	9.0739066061463	-5.75692342179848	-0.103687024178278	197276633	RUVBL1	RuvB like AAA ATPase 1
ILMN_1774945	ILMN_1774945	0.0477898666724225	0.00075507561364347	0.420456037749343	7.01581862911147	5.75374340021166	-0.107038770072582	223890254	NRG3	neuregulin 3
ILMN_1807372	ILMN_1807372	0.0480467808148246	0.000761188092014756	0.397121400041015	7.28186107111814	5.74574726355943	-0.115472994587409	511772968	ADORA2A	adenosine A2a receptor
ILMN_1775432	ILMN_1775432	0.0480467808148246	0.000762208254466609	-0.496336380043404	7.23338525942811	-5.74441973078792	-0.116874130946884	530339653	CSMD2	CUB and Sushi multiple domains 2
ILMN_1771689	ILMN_1771689	0.0482906298741211	0.000767621155486413	0.376249865822491	8.64841826425083	5.73740909961925	-0.124277577470999	301129153	EXD2	exonuclease 3'-5' domain containing 2
ILMN_2366972	ILMN_2366972	0.0486620395472245	0.000775446433960209	-0.428413974210556	7.68022599770806	-5.72737136376298	-0.134889808407615	354459404	NUDT6	nudix hydrolase 6
ILMN_1662470	ILMN_1662470	0.0486620395472245	0.000776637808931908	0.472948266863471	9.23030452229993	5.72585310896257	-0.1364961964588	149588739	C10orf35	chromosome 10 open reading frame 35
ILMN_1811636	ILMN_1811636	0.0493714250365969	0.000789538556844446	-0.322997386314322	7.32036670514544	-5.70957798673552	-0.153736535424643	187936936	IFT57	intraflagellar transport 57
ILMN_1709795	ILMN_1709795	0.0495830528390749	0.000794508714654146	0.838935292647776	7.4624043878461	5.70338715970406	-0.16030435458062	520262262	RAC2	ras-related C3 botulinum toxin substrate 2 (rho family, small GTP binding protein Rac2)
ILMN_1682699	ILMN_1682699	0.0496589328123835	0.000797312872507405	-0.341743490957249	8.75506732681419	-5.69991341719225	-0.163992008815543	124494249	PBX2	PBX homeobox 2
ILMN_1799600	ILMN_1799600	0.0506848174674819	0.000818720046884485	0.699043302670762	7.2120802436196	5.67383747824553	-0.191728338585111	291291003	STARD8	StAR related lipid transfer domain containing 8
ILMN_1779600	ILMN_1779600	0.0506848174674819	0.000819830190592133	0.530442235531487	7.6415634007737	5.67250611057243	-0.193147072519169	218563733	DSTYK	dual serine/threonine and tyrosine protein kinase
ILMN_1806667	ILMN_1806667	0.0506848174674819	0.000820268586916965	-1.31965469690719	8.79061442434216	-5.67198090885763	-0.193706808049427	256000766	FRAS1	Fraser extracellular matrix complex subunit 1
ILMN_1674135	ILMN_1674135	0.050760959254762	0.000823124363275261	-0.303938986277532	7.93656778941238	-5.66856734615893	-0.197345780327534	299758451	RALGPS1	Ral GEF with PH domain and SH3 binding motif 1
ILMN_1740920	ILMN_1740920	0.0507995849780684	0.000825375461167362	0.385485562912307	6.98127739727104	5.66588590285935	-0.20020545131965	96361828	ACADSB	acyl-CoA dehydrogenase, short/branched chain
ILMN_1774336	ILMN_1774336	0.0509298960273776	0.000829121636216184	-0.377762272310212	9.07952905513916	-5.6614416734131	-0.204947329318871	309747077	POLE2	DNA polymerase epsilon 2, accessory subunit
ILMN_2363591	ILMN_2363591	0.051110042408448	0.000833689043315694	0.344059237334072	9.09956344203265	5.65605351241402	-0.210700130044379	55749489	SDCBP	syndecan binding protein
ILMN_1784532	ILMN_1784532	0.0511669947342612	0.000836254535572426	1.2957096624285	8.2202966718182	5.6530414866478	-0.213917794867829	733606465	COL22A1	collagen type XXII alpha 1 chain
ILMN_3243324	ILMN_3243324	0.0515064396555416	0.000845419462720153	-0.514520768919199	8.2406536453512	-5.64236527425727	-0.22533332015495	751130527	VLDLR-AS1	VLDLR antisense RNA 1
ILMN_1766713	ILMN_1766713	0.0515064396555416	0.000845911653223276	-0.517666432462667	11.9707997615686	-5.64179559362957	-0.225942907422402	41399283	HSPD1	heat shock protein family D (Hsp60) member 1
ILMN_1890614	ILMN_1890614	0.0515064396555416	0.000846744386328548	-0.570873417316168	7.95523768353323	-5.64083260034957	-0.226973464595933	21750579	FAM212B	family with sequence similarity 212 member B
ILMN_1700074	ILMN_1700074	0.0515279126183999	0.000848933401061268	-0.303691621000803	7.932508930633	-5.63830621881484	-0.229677727137006	68342028	SNORA62	small nucleolar RNA, H/ACA box 62
ILMN_2096784	ILMN_2096784	0.0515279126183999	0.000850393491687275	0.74945189548219	9.02413395454835	5.63662515393747	-0.23147765982668	39812473	TFAP2C	transcription factor AP-2 gamma
ILMN_1731358	ILMN_1731358	0.0515631505784277	0.000853318056882677	-0.398842449674728	8.55142713143122	-5.63326767591837	-0.235073752867114	973353057	ZNF532	zinc finger protein 532
ILMN_1745068	ILMN_1745068	0.0515631505784277	0.000854531440223321	-0.395479061823655	7.5055471220929	-5.63187845986134	-0.236562171250905	557878645	GRTP1	growth hormone regulated TBC protein 1
ILMN_1682165	ILMN_1682165	0.0515631505784277	0.000856648481619701	0.412616287253357	9.02998214975285	5.62945991628598	-0.239154078416053	349732259	NT5C2	5'-nucleotidase, cytosolic II
ILMN_3247064	ILMN_3247064	0.0515631505784277	0.000857571748889605	-0.311878480393288	10.5454354276444	-5.62840725521307	-0.24028245647016	115298667	SNRNP40	small nuclear ribonucleoprotein U5 subunit 40
ILMN_1727087	ILMN_1727087	0.0518987486787401	0.000866052995129871	-0.709376642782862	9.87051540512343	-5.61879634657291	-0.250591999269561	635574611	GJA1	gap junction protein alpha 1
ILMN_1803464	ILMN_1803464	0.0518987486787401	0.00086647306372105	0.431018001841776	8.06342528586848	5.61832306876152	-0.251100021995823	166197665	PHTF1	putative homeodomain transcription factor 1
ILMN_1776515	ILMN_1776515	0.0520295930020911	0.000870321663791136	0.740958582452411	8.48270745338238	5.61399889616611	-0.25574313192692	339276099	MPPE1	metallophosphoesterase 1
ILMN_1768202	ILMN_1768202	0.0522469099871099	0.000875627865196879	-0.460908998347448	7.87318204623809	-5.60807198347317	-0.262111547021384	126723389	ANKRD24	ankyrin repeat domain 24
ILMN_2227266	ILMN_2227266	0.0524849090693584	0.000881590727935784	-0.291285245712328	7.09703027038314	-5.60145938784231	-0.269222665918546	215599598	TMEM35A	transmembrane protein 35A
ILMN_2128293	ILMN_2128293	0.0524849090693584	0.000882973906815152	0.38297882625189	7.95286457649568	5.5999326467537	-0.270865399199236	572875765	APIP	APAF1 interacting protein
ILMN_1769615	ILMN_1769615	0.0529519472096057	0.000892524665114251	0.385694886120463	7.11762495876818	5.58946312979255	-0.282139338996483	62241047	FLRT2	fibronectin leucine rich transmembrane protein 2
ILMN_1752526	ILMN_1752526	0.0530949625732392	0.000896633411330847	-0.54991635846156	7.47427006730535	-5.58499764757998	-0.286952715610512	299523262	RNF144B	ring finger protein 144B
ILMN_1724181	ILMN_1724181	0.0532949455235682	0.000901715159661216	0.667039250586166	7.17962027689181	5.57950626079557	-0.292875852882886	323098327	IL15	interleukin 15
ILMN_1671106	ILMN_1671106	0.053309332238194	0.000904485722753615	0.944304315004683	7.8410931998588	5.5765269342026	-0.296091238838943	62865884	GJA4	gap junction protein alpha 4
ILMN_1771835	ILMN_1771835	0.053309332238194	0.000906574688285088	-0.417393086014096	7.81236128994221	-5.57428731001257	-0.298509154994453	518831684	NUP54	nucleoporin 54
ILMN_1744963	ILMN_1744963	0.053309332238194	0.000907484547092303	0.509386094556545	7.8829652500982	5.57331363615705	-0.299560566243686	744066854	ERO1A	endoplasmic reticulum oxidoreductase 1 alpha
ILMN_1812191	ILMN_1812191	0.053309332238194	0.000910334700243356	0.452826394576277	10.8171386590312	5.57027063817179	-0.302847394843901	685844862	C12orf57	chromosome 12 open reading frame 57
ILMN_2175465	ILMN_2175465	0.0540443997115735	0.000926890653858041	-0.291180087838491	11.5502180261464	-5.55280276357561	-0.321740758204213	18491027	RSL24D1	ribosomal L24 domain containing 1
ILMN_1792168	ILMN_1792168	0.0540443997115735	0.000927134920520941	0.556136452487619	8.27098819630193	5.55254766258842	-0.322017003082369	56237022	GALE	UDP-galactose-4-epimerase
ILMN_1810100	ILMN_1810100	0.0540443997115735	0.000928223714102059	1.17027741437549	10.1387040083932	5.55141149014745	-0.32324746056909	198041750	PBX3	PBX homeobox 3
ILMN_1687785	ILMN_1687785	0.0541972470870978	0.00093373939007832	-0.740993440255229	8.54724105912635	-5.5456786204334	-0.329458914152602	77812679	PPA2	pyrophosphatase (inorganic) 2
ILMN_1774602	ILMN_1774602	0.0541972470870978	0.000934315748095238	0.630401859508705	8.2326400853294	5.54508175449739	-0.330105879681031	51873054	FBLN2	fibulin 2
ILMN_1676631	ILMN_1676631	0.054706862657192	0.000945867931549945	0.340000486606365	7.05389433503136	5.53320465999704	-0.342990617306745	664818519	CCNO	cyclin O
ILMN_1709772	ILMN_1709772	0.054706862657192	0.000949677864111233	-0.282556350310433	9.2724418216999	-5.52932312414532	-0.347205882705653	540344542	SNX5	sorting nexin 5
ILMN_1841495	ILMN_1841495	0.054706862657192	0.000953632287876913	1.00655630489579	7.73402248113203	5.52531276383501	-0.351563339171377	108773811	LHFPL4	lipoma HMGIC fusion partner-like 4
ILMN_1784287	ILMN_1784287	0.054706862657192	0.000954762435534144	0.472608347667479	7.64576585180497	5.52417004747569	-0.352805383781726	307574689	TGFBR3	transforming growth factor beta receptor 3
ILMN_1691119	ILMN_1691119	0.054706862657192	0.000957080683830017	0.573642388869033	7.72754034634978	5.52183074568832	-0.355348614400672	525345373	RNF122	ring finger protein 122
ILMN_1743677	ILMN_1743677	0.054706862657192	0.000957631277102862	-0.508434595457006	8.19652115330801	-5.52127608363889	-0.355951745421716	74136882	HNRNPU	heterogeneous nuclear ribonucleoprotein U
ILMN_1758497	ILMN_1758497	0.054706862657192	0.000960904620865414	-1.13321835823946	7.98066889365701	-5.51798589867135	-0.359530358651226	319803128	TTYH1	tweety family member 1
ILMN_1759598	ILMN_1759598	0.054706862657192	0.000962416107305325	-0.410829411579318	7.125142828783	-5.51647086468226	-0.361178732950177	84043959	DLX5	distal-less homeobox 5
ILMN_1703852	ILMN_1703852	0.054706862657192	0.000965301457842321	0.891649281298497	9.34863925671706	5.51358611850951	-0.364318289746889	317171923	EFNB2	ephrin B2
ILMN_1788689	ILMN_1788689	0.054706862657192	0.000967958603985088	-0.360509992398571	9.49570820013699	-5.51093804771398	-0.367201327828457	224589121	PHIP	pleckstrin homology domain interacting protein
ILMN_3308265	ILMN_3308265	0.054706862657192	0.000968591133970156	-0.516241732951343	7.42767442428247	-5.51030887628308	-0.367886476118533	262206185	MIR302C	microRNA 302c
ILMN_1769601	ILMN_1769601	0.054706862657192	0.000969346955545461	-0.336480243262202	7.44124684877579	-5.50955767035272	-0.368704591429368	595763536	TBCK	TBC1 domain containing kinase
ILMN_1656165	ILMN_1656165	0.0547941073542151	0.000972645352190539	-1.28306371830624	10.0928845700718	-5.50628706741505	-0.372267458916003	145309310	USP9X	ubiquitin specific peptidase 9, X-linked
ILMN_1787680	ILMN_1787680	0.0548076829759712	0.000976193897415765	0.404604562811809	10.5863673759557	5.50278224835143	-0.37608719558094	542133057	VIMP	VCP interacting membrane selenoprotein
ILMN_1729453	ILMN_1729453	0.0548076829759712	0.000977884998030346	0.655753026347455	10.1047228224361	5.50111699640524	-0.377902699961551	270132562	TSPAN9	tetraspanin 9
ILMN_1673455	ILMN_1673455	0.0548076829759712	0.000980000648168363	0.374476909611741	7.82728342309376	5.49903821408672	-0.380169611902971	226958574	RASAL2	RAS protein activator like 2
